30
3

1 3
0
1
2

2 3
3
4
5

3 3
6
7
8

1 6
19
24
26
31
33
38

2 6
19
24
26
31
33
38

3 6
19
24
26
31
33
38


2 1 0 0 9 2
2 1 1 1 10 2
2 1 2 2 11 2
2 1 3 3 12 2
2 1 4 4 13 2
2 1 5 5 14 2
2 1 6 6 15 2
2 1 7 7 16 2
2 1 8 8 17 2
2 1 0 3 18 1
2 1 6 18 19 1
2 1 9 12 20 1
2 1 15 20 21 1
2 1 19 19 22 2
2 1 21 3 23 5
2 1 23 22 24 6
2 1 1 4 25 1
2 1 7 25 26 1
2 1 10 13 27 1
2 1 16 27 28 1
2 1 26 26 29 2
2 1 28 3 30 5
2 1 30 29 31 6
2 1 2 5 32 1
2 1 8 32 33 1
2 1 11 14 34 1
2 1 17 34 35 1
2 1 33 33 36 2
2 1 35 3 37 5
2 1 37 36 38 6
