48
5

1 3
0
1
2

2 3
3
4
5

3 3
6
7
8

4 3
9
10
11

5 3
12
13
14

1 6
33
40
44
51
55
62

2 6
33
40
44
51
55
62

3 6
33
40
44
51
55
62

4 6
33
40
44
51
55
62

5 6
33
40
44
51
55
62


2 1 0 0 15 2
2 1 1 1 16 2
2 1 2 2 17 2
2 1 3 3 18 2
2 1 4 4 19 2
2 1 5 5 20 2
2 1 6 6 21 2
2 1 7 7 22 2
2 1 8 8 23 2
2 1 9 9 24 2
2 1 10 10 25 2
2 1 11 11 26 2
2 1 12 12 27 2
2 1 13 13 28 2
2 1 14 14 29 2
2 1 0 3 30 1
2 1 6 9 31 1
2 1 30 31 32 1
2 1 12 32 33 1
2 1 15 18 34 1
2 1 21 24 35 1
2 1 34 35 36 1
2 1 27 36 37 1
2 1 33 33 38 2
2 1 37 5 39 5
2 1 39 38 40 6
2 1 1 4 41 1
2 1 7 10 42 1
2 1 41 42 43 1
2 1 13 43 44 1
2 1 16 19 45 1
2 1 22 25 46 1
2 1 45 46 47 1
2 1 28 47 48 1
2 1 44 44 49 2
2 1 48 5 50 5
2 1 50 49 51 6
2 1 2 5 52 1
2 1 8 11 53 1
2 1 52 53 54 1
2 1 14 54 55 1
2 1 17 20 56 1
2 1 23 26 57 1
2 1 56 57 58 1
2 1 29 58 59 1
2 1 55 55 60 2
2 1 59 5 61 5
2 1 61 60 62 6
