903
100

1 3
0
1
2

2 3
3
4
5

3 3
6
7
8

4 3
9
10
11

5 3
12
13
14

6 3
15
16
17

7 3
18
19
20

8 3
21
22
23

9 3
24
25
26

10 3
27
28
29

11 3
30
31
32

12 3
33
34
35

13 3
36
37
38

14 3
39
40
41

15 3
42
43
44

16 3
45
46
47

17 3
48
49
50

18 3
51
52
53

19 3
54
55
56

20 3
57
58
59

21 3
60
61
62

22 3
63
64
65

23 3
66
67
68

24 3
69
70
71

25 3
72
73
74

26 3
75
76
77

27 3
78
79
80

28 3
81
82
83

29 3
84
85
86

30 3
87
88
89

31 3
90
91
92

32 3
93
94
95

33 3
96
97
98

34 3
99
100
101

35 3
102
103
104

36 3
105
106
107

37 3
108
109
110

38 3
111
112
113

39 3
114
115
116

40 3
117
118
119

41 3
120
121
122

42 3
123
124
125

43 3
126
127
128

44 3
129
130
131

45 3
132
133
134

46 3
135
136
137

47 3
138
139
140

48 3
141
142
143

49 3
144
145
146

50 3
147
148
149

51 3
150
151
152

52 3
153
154
155

53 3
156
157
158

54 3
159
160
161

55 3
162
163
164

56 3
165
166
167

57 3
168
169
170

58 3
171
172
173

59 3
174
175
176

60 3
177
178
179

61 3
180
181
182

62 3
183
184
185

63 3
186
187
188

64 3
189
190
191

65 3
192
193
194

66 3
195
196
197

67 3
198
199
200

68 3
201
202
203

69 3
204
205
206

70 3
207
208
209

71 3
210
211
212

72 3
213
214
215

73 3
216
217
218

74 3
219
220
221

75 3
222
223
224

76 3
225
226
227

77 3
228
229
230

78 3
231
232
233

79 3
234
235
236

80 3
237
238
239

81 3
240
241
242

82 3
243
244
245

83 3
246
247
248

84 3
249
250
251

85 3
252
253
254

86 3
255
256
257

87 3
258
259
260

88 3
261
262
263

89 3
264
265
266

90 3
267
268
269

91 3
270
271
272

92 3
273
274
275

93 3
276
277
278

94 3
279
280
281

95 3
282
283
284

96 3
285
286
287

97 3
288
289
290

98 3
291
292
293

99 3
294
295
296

100 3
297
298
299

1 6
698
800
899
1001
1100
1202

2 6
698
800
899
1001
1100
1202

3 6
698
800
899
1001
1100
1202

4 6
698
800
899
1001
1100
1202

5 6
698
800
899
1001
1100
1202

6 6
698
800
899
1001
1100
1202

7 6
698
800
899
1001
1100
1202

8 6
698
800
899
1001
1100
1202

9 6
698
800
899
1001
1100
1202

10 6
698
800
899
1001
1100
1202

11 6
698
800
899
1001
1100
1202

12 6
698
800
899
1001
1100
1202

13 6
698
800
899
1001
1100
1202

14 6
698
800
899
1001
1100
1202

15 6
698
800
899
1001
1100
1202

16 6
698
800
899
1001
1100
1202

17 6
698
800
899
1001
1100
1202

18 6
698
800
899
1001
1100
1202

19 6
698
800
899
1001
1100
1202

20 6
698
800
899
1001
1100
1202

21 6
698
800
899
1001
1100
1202

22 6
698
800
899
1001
1100
1202

23 6
698
800
899
1001
1100
1202

24 6
698
800
899
1001
1100
1202

25 6
698
800
899
1001
1100
1202

26 6
698
800
899
1001
1100
1202

27 6
698
800
899
1001
1100
1202

28 6
698
800
899
1001
1100
1202

29 6
698
800
899
1001
1100
1202

30 6
698
800
899
1001
1100
1202

31 6
698
800
899
1001
1100
1202

32 6
698
800
899
1001
1100
1202

33 6
698
800
899
1001
1100
1202

34 6
698
800
899
1001
1100
1202

35 6
698
800
899
1001
1100
1202

36 6
698
800
899
1001
1100
1202

37 6
698
800
899
1001
1100
1202

38 6
698
800
899
1001
1100
1202

39 6
698
800
899
1001
1100
1202

40 6
698
800
899
1001
1100
1202

41 6
698
800
899
1001
1100
1202

42 6
698
800
899
1001
1100
1202

43 6
698
800
899
1001
1100
1202

44 6
698
800
899
1001
1100
1202

45 6
698
800
899
1001
1100
1202

46 6
698
800
899
1001
1100
1202

47 6
698
800
899
1001
1100
1202

48 6
698
800
899
1001
1100
1202

49 6
698
800
899
1001
1100
1202

50 6
698
800
899
1001
1100
1202

51 6
698
800
899
1001
1100
1202

52 6
698
800
899
1001
1100
1202

53 6
698
800
899
1001
1100
1202

54 6
698
800
899
1001
1100
1202

55 6
698
800
899
1001
1100
1202

56 6
698
800
899
1001
1100
1202

57 6
698
800
899
1001
1100
1202

58 6
698
800
899
1001
1100
1202

59 6
698
800
899
1001
1100
1202

60 6
698
800
899
1001
1100
1202

61 6
698
800
899
1001
1100
1202

62 6
698
800
899
1001
1100
1202

63 6
698
800
899
1001
1100
1202

64 6
698
800
899
1001
1100
1202

65 6
698
800
899
1001
1100
1202

66 6
698
800
899
1001
1100
1202

67 6
698
800
899
1001
1100
1202

68 6
698
800
899
1001
1100
1202

69 6
698
800
899
1001
1100
1202

70 6
698
800
899
1001
1100
1202

71 6
698
800
899
1001
1100
1202

72 6
698
800
899
1001
1100
1202

73 6
698
800
899
1001
1100
1202

74 6
698
800
899
1001
1100
1202

75 6
698
800
899
1001
1100
1202

76 6
698
800
899
1001
1100
1202

77 6
698
800
899
1001
1100
1202

78 6
698
800
899
1001
1100
1202

79 6
698
800
899
1001
1100
1202

80 6
698
800
899
1001
1100
1202

81 6
698
800
899
1001
1100
1202

82 6
698
800
899
1001
1100
1202

83 6
698
800
899
1001
1100
1202

84 6
698
800
899
1001
1100
1202

85 6
698
800
899
1001
1100
1202

86 6
698
800
899
1001
1100
1202

87 6
698
800
899
1001
1100
1202

88 6
698
800
899
1001
1100
1202

89 6
698
800
899
1001
1100
1202

90 6
698
800
899
1001
1100
1202

91 6
698
800
899
1001
1100
1202

92 6
698
800
899
1001
1100
1202

93 6
698
800
899
1001
1100
1202

94 6
698
800
899
1001
1100
1202

95 6
698
800
899
1001
1100
1202

96 6
698
800
899
1001
1100
1202

97 6
698
800
899
1001
1100
1202

98 6
698
800
899
1001
1100
1202

99 6
698
800
899
1001
1100
1202

100 6
698
800
899
1001
1100
1202


2 1 0 0 300 2
2 1 1 1 301 2
2 1 2 2 302 2
2 1 3 3 303 2
2 1 4 4 304 2
2 1 5 5 305 2
2 1 6 6 306 2
2 1 7 7 307 2
2 1 8 8 308 2
2 1 9 9 309 2
2 1 10 10 310 2
2 1 11 11 311 2
2 1 12 12 312 2
2 1 13 13 313 2
2 1 14 14 314 2
2 1 15 15 315 2
2 1 16 16 316 2
2 1 17 17 317 2
2 1 18 18 318 2
2 1 19 19 319 2
2 1 20 20 320 2
2 1 21 21 321 2
2 1 22 22 322 2
2 1 23 23 323 2
2 1 24 24 324 2
2 1 25 25 325 2
2 1 26 26 326 2
2 1 27 27 327 2
2 1 28 28 328 2
2 1 29 29 329 2
2 1 30 30 330 2
2 1 31 31 331 2
2 1 32 32 332 2
2 1 33 33 333 2
2 1 34 34 334 2
2 1 35 35 335 2
2 1 36 36 336 2
2 1 37 37 337 2
2 1 38 38 338 2
2 1 39 39 339 2
2 1 40 40 340 2
2 1 41 41 341 2
2 1 42 42 342 2
2 1 43 43 343 2
2 1 44 44 344 2
2 1 45 45 345 2
2 1 46 46 346 2
2 1 47 47 347 2
2 1 48 48 348 2
2 1 49 49 349 2
2 1 50 50 350 2
2 1 51 51 351 2
2 1 52 52 352 2
2 1 53 53 353 2
2 1 54 54 354 2
2 1 55 55 355 2
2 1 56 56 356 2
2 1 57 57 357 2
2 1 58 58 358 2
2 1 59 59 359 2
2 1 60 60 360 2
2 1 61 61 361 2
2 1 62 62 362 2
2 1 63 63 363 2
2 1 64 64 364 2
2 1 65 65 365 2
2 1 66 66 366 2
2 1 67 67 367 2
2 1 68 68 368 2
2 1 69 69 369 2
2 1 70 70 370 2
2 1 71 71 371 2
2 1 72 72 372 2
2 1 73 73 373 2
2 1 74 74 374 2
2 1 75 75 375 2
2 1 76 76 376 2
2 1 77 77 377 2
2 1 78 78 378 2
2 1 79 79 379 2
2 1 80 80 380 2
2 1 81 81 381 2
2 1 82 82 382 2
2 1 83 83 383 2
2 1 84 84 384 2
2 1 85 85 385 2
2 1 86 86 386 2
2 1 87 87 387 2
2 1 88 88 388 2
2 1 89 89 389 2
2 1 90 90 390 2
2 1 91 91 391 2
2 1 92 92 392 2
2 1 93 93 393 2
2 1 94 94 394 2
2 1 95 95 395 2
2 1 96 96 396 2
2 1 97 97 397 2
2 1 98 98 398 2
2 1 99 99 399 2
2 1 100 100 400 2
2 1 101 101 401 2
2 1 102 102 402 2
2 1 103 103 403 2
2 1 104 104 404 2
2 1 105 105 405 2
2 1 106 106 406 2
2 1 107 107 407 2
2 1 108 108 408 2
2 1 109 109 409 2
2 1 110 110 410 2
2 1 111 111 411 2
2 1 112 112 412 2
2 1 113 113 413 2
2 1 114 114 414 2
2 1 115 115 415 2
2 1 116 116 416 2
2 1 117 117 417 2
2 1 118 118 418 2
2 1 119 119 419 2
2 1 120 120 420 2
2 1 121 121 421 2
2 1 122 122 422 2
2 1 123 123 423 2
2 1 124 124 424 2
2 1 125 125 425 2
2 1 126 126 426 2
2 1 127 127 427 2
2 1 128 128 428 2
2 1 129 129 429 2
2 1 130 130 430 2
2 1 131 131 431 2
2 1 132 132 432 2
2 1 133 133 433 2
2 1 134 134 434 2
2 1 135 135 435 2
2 1 136 136 436 2
2 1 137 137 437 2
2 1 138 138 438 2
2 1 139 139 439 2
2 1 140 140 440 2
2 1 141 141 441 2
2 1 142 142 442 2
2 1 143 143 443 2
2 1 144 144 444 2
2 1 145 145 445 2
2 1 146 146 446 2
2 1 147 147 447 2
2 1 148 148 448 2
2 1 149 149 449 2
2 1 150 150 450 2
2 1 151 151 451 2
2 1 152 152 452 2
2 1 153 153 453 2
2 1 154 154 454 2
2 1 155 155 455 2
2 1 156 156 456 2
2 1 157 157 457 2
2 1 158 158 458 2
2 1 159 159 459 2
2 1 160 160 460 2
2 1 161 161 461 2
2 1 162 162 462 2
2 1 163 163 463 2
2 1 164 164 464 2
2 1 165 165 465 2
2 1 166 166 466 2
2 1 167 167 467 2
2 1 168 168 468 2
2 1 169 169 469 2
2 1 170 170 470 2
2 1 171 171 471 2
2 1 172 172 472 2
2 1 173 173 473 2
2 1 174 174 474 2
2 1 175 175 475 2
2 1 176 176 476 2
2 1 177 177 477 2
2 1 178 178 478 2
2 1 179 179 479 2
2 1 180 180 480 2
2 1 181 181 481 2
2 1 182 182 482 2
2 1 183 183 483 2
2 1 184 184 484 2
2 1 185 185 485 2
2 1 186 186 486 2
2 1 187 187 487 2
2 1 188 188 488 2
2 1 189 189 489 2
2 1 190 190 490 2
2 1 191 191 491 2
2 1 192 192 492 2
2 1 193 193 493 2
2 1 194 194 494 2
2 1 195 195 495 2
2 1 196 196 496 2
2 1 197 197 497 2
2 1 198 198 498 2
2 1 199 199 499 2
2 1 200 200 500 2
2 1 201 201 501 2
2 1 202 202 502 2
2 1 203 203 503 2
2 1 204 204 504 2
2 1 205 205 505 2
2 1 206 206 506 2
2 1 207 207 507 2
2 1 208 208 508 2
2 1 209 209 509 2
2 1 210 210 510 2
2 1 211 211 511 2
2 1 212 212 512 2
2 1 213 213 513 2
2 1 214 214 514 2
2 1 215 215 515 2
2 1 216 216 516 2
2 1 217 217 517 2
2 1 218 218 518 2
2 1 219 219 519 2
2 1 220 220 520 2
2 1 221 221 521 2
2 1 222 222 522 2
2 1 223 223 523 2
2 1 224 224 524 2
2 1 225 225 525 2
2 1 226 226 526 2
2 1 227 227 527 2
2 1 228 228 528 2
2 1 229 229 529 2
2 1 230 230 530 2
2 1 231 231 531 2
2 1 232 232 532 2
2 1 233 233 533 2
2 1 234 234 534 2
2 1 235 235 535 2
2 1 236 236 536 2
2 1 237 237 537 2
2 1 238 238 538 2
2 1 239 239 539 2
2 1 240 240 540 2
2 1 241 241 541 2
2 1 242 242 542 2
2 1 243 243 543 2
2 1 244 244 544 2
2 1 245 245 545 2
2 1 246 246 546 2
2 1 247 247 547 2
2 1 248 248 548 2
2 1 249 249 549 2
2 1 250 250 550 2
2 1 251 251 551 2
2 1 252 252 552 2
2 1 253 253 553 2
2 1 254 254 554 2
2 1 255 255 555 2
2 1 256 256 556 2
2 1 257 257 557 2
2 1 258 258 558 2
2 1 259 259 559 2
2 1 260 260 560 2
2 1 261 261 561 2
2 1 262 262 562 2
2 1 263 263 563 2
2 1 264 264 564 2
2 1 265 265 565 2
2 1 266 266 566 2
2 1 267 267 567 2
2 1 268 268 568 2
2 1 269 269 569 2
2 1 270 270 570 2
2 1 271 271 571 2
2 1 272 272 572 2
2 1 273 273 573 2
2 1 274 274 574 2
2 1 275 275 575 2
2 1 276 276 576 2
2 1 277 277 577 2
2 1 278 278 578 2
2 1 279 279 579 2
2 1 280 280 580 2
2 1 281 281 581 2
2 1 282 282 582 2
2 1 283 283 583 2
2 1 284 284 584 2
2 1 285 285 585 2
2 1 286 286 586 2
2 1 287 287 587 2
2 1 288 288 588 2
2 1 289 289 589 2
2 1 290 290 590 2
2 1 291 291 591 2
2 1 292 292 592 2
2 1 293 293 593 2
2 1 294 294 594 2
2 1 295 295 595 2
2 1 296 296 596 2
2 1 297 297 597 2
2 1 298 298 598 2
2 1 299 299 599 2
2 1 0 3 600 1
2 1 6 9 601 1
2 1 12 15 602 1
2 1 18 21 603 1
2 1 24 27 604 1
2 1 30 33 605 1
2 1 36 39 606 1
2 1 42 45 607 1
2 1 48 51 608 1
2 1 54 57 609 1
2 1 60 63 610 1
2 1 66 69 611 1
2 1 72 75 612 1
2 1 78 81 613 1
2 1 84 87 614 1
2 1 90 93 615 1
2 1 96 99 616 1
2 1 102 105 617 1
2 1 108 111 618 1
2 1 114 117 619 1
2 1 120 123 620 1
2 1 126 129 621 1
2 1 132 135 622 1
2 1 138 141 623 1
2 1 144 147 624 1
2 1 150 153 625 1
2 1 156 159 626 1
2 1 162 165 627 1
2 1 168 171 628 1
2 1 174 177 629 1
2 1 180 183 630 1
2 1 186 189 631 1
2 1 192 195 632 1
2 1 198 201 633 1
2 1 204 207 634 1
2 1 210 213 635 1
2 1 216 219 636 1
2 1 222 225 637 1
2 1 228 231 638 1
2 1 234 237 639 1
2 1 240 243 640 1
2 1 246 249 641 1
2 1 252 255 642 1
2 1 258 261 643 1
2 1 264 267 644 1
2 1 270 273 645 1
2 1 276 279 646 1
2 1 282 285 647 1
2 1 288 291 648 1
2 1 294 297 649 1
2 1 600 601 650 1
2 1 602 603 651 1
2 1 604 605 652 1
2 1 606 607 653 1
2 1 608 609 654 1
2 1 610 611 655 1
2 1 612 613 656 1
2 1 614 615 657 1
2 1 616 617 658 1
2 1 618 619 659 1
2 1 620 621 660 1
2 1 622 623 661 1
2 1 624 625 662 1
2 1 626 627 663 1
2 1 628 629 664 1
2 1 630 631 665 1
2 1 632 633 666 1
2 1 634 635 667 1
2 1 636 637 668 1
2 1 638 639 669 1
2 1 640 641 670 1
2 1 642 643 671 1
2 1 644 645 672 1
2 1 646 647 673 1
2 1 648 649 674 1
2 1 650 651 675 1
2 1 652 653 676 1
2 1 654 655 677 1
2 1 656 657 678 1
2 1 658 659 679 1
2 1 660 661 680 1
2 1 662 663 681 1
2 1 664 665 682 1
2 1 666 667 683 1
2 1 668 669 684 1
2 1 670 671 685 1
2 1 672 673 686 1
2 1 675 676 687 1
2 1 677 678 688 1
2 1 679 680 689 1
2 1 681 682 690 1
2 1 683 684 691 1
2 1 685 686 692 1
2 1 687 688 693 1
2 1 689 690 694 1
2 1 691 692 695 1
2 1 674 695 696 1
2 1 693 694 697 1
2 1 696 697 698 1
2 1 300 303 699 1
2 1 306 309 700 1
2 1 312 315 701 1
2 1 318 321 702 1
2 1 324 327 703 1
2 1 330 333 704 1
2 1 336 339 705 1
2 1 342 345 706 1
2 1 348 351 707 1
2 1 354 357 708 1
2 1 360 363 709 1
2 1 366 369 710 1
2 1 372 375 711 1
2 1 378 381 712 1
2 1 384 387 713 1
2 1 390 393 714 1
2 1 396 399 715 1
2 1 402 405 716 1
2 1 408 411 717 1
2 1 414 417 718 1
2 1 420 423 719 1
2 1 426 429 720 1
2 1 432 435 721 1
2 1 438 441 722 1
2 1 444 447 723 1
2 1 450 453 724 1
2 1 456 459 725 1
2 1 462 465 726 1
2 1 468 471 727 1
2 1 474 477 728 1
2 1 480 483 729 1
2 1 486 489 730 1
2 1 492 495 731 1
2 1 498 501 732 1
2 1 504 507 733 1
2 1 510 513 734 1
2 1 516 519 735 1
2 1 522 525 736 1
2 1 528 531 737 1
2 1 534 537 738 1
2 1 540 543 739 1
2 1 546 549 740 1
2 1 552 555 741 1
2 1 558 561 742 1
2 1 564 567 743 1
2 1 570 573 744 1
2 1 576 579 745 1
2 1 582 585 746 1
2 1 588 591 747 1
2 1 594 597 748 1
2 1 699 700 749 1
2 1 701 702 750 1
2 1 703 704 751 1
2 1 705 706 752 1
2 1 707 708 753 1
2 1 709 710 754 1
2 1 711 712 755 1
2 1 713 714 756 1
2 1 715 716 757 1
2 1 717 718 758 1
2 1 719 720 759 1
2 1 721 722 760 1
2 1 723 724 761 1
2 1 725 726 762 1
2 1 727 728 763 1
2 1 729 730 764 1
2 1 731 732 765 1
2 1 733 734 766 1
2 1 735 736 767 1
2 1 737 738 768 1
2 1 739 740 769 1
2 1 741 742 770 1
2 1 743 744 771 1
2 1 745 746 772 1
2 1 747 748 773 1
2 1 749 750 774 1
2 1 751 752 775 1
2 1 753 754 776 1
2 1 755 756 777 1
2 1 757 758 778 1
2 1 759 760 779 1
2 1 761 762 780 1
2 1 763 764 781 1
2 1 765 766 782 1
2 1 767 768 783 1
2 1 769 770 784 1
2 1 771 772 785 1
2 1 774 775 786 1
2 1 776 777 787 1
2 1 778 779 788 1
2 1 780 781 789 1
2 1 782 783 790 1
2 1 784 785 791 1
2 1 786 787 792 1
2 1 788 789 793 1
2 1 790 791 794 1
2 1 773 794 795 1
2 1 792 793 796 1
2 1 795 796 797 1
2 1 698 698 798 2
2 1 797 100 799 5
2 1 799 798 800 6
2 1 1 4 801 1
2 1 7 10 802 1
2 1 13 16 803 1
2 1 19 22 804 1
2 1 25 28 805 1
2 1 31 34 806 1
2 1 37 40 807 1
2 1 43 46 808 1
2 1 49 52 809 1
2 1 55 58 810 1
2 1 61 64 811 1
2 1 67 70 812 1
2 1 73 76 813 1
2 1 79 82 814 1
2 1 85 88 815 1
2 1 91 94 816 1
2 1 97 100 817 1
2 1 103 106 818 1
2 1 109 112 819 1
2 1 115 118 820 1
2 1 121 124 821 1
2 1 127 130 822 1
2 1 133 136 823 1
2 1 139 142 824 1
2 1 145 148 825 1
2 1 151 154 826 1
2 1 157 160 827 1
2 1 163 166 828 1
2 1 169 172 829 1
2 1 175 178 830 1
2 1 181 184 831 1
2 1 187 190 832 1
2 1 193 196 833 1
2 1 199 202 834 1
2 1 205 208 835 1
2 1 211 214 836 1
2 1 217 220 837 1
2 1 223 226 838 1
2 1 229 232 839 1
2 1 235 238 840 1
2 1 241 244 841 1
2 1 247 250 842 1
2 1 253 256 843 1
2 1 259 262 844 1
2 1 265 268 845 1
2 1 271 274 846 1
2 1 277 280 847 1
2 1 283 286 848 1
2 1 289 292 849 1
2 1 295 298 850 1
2 1 801 802 851 1
2 1 803 804 852 1
2 1 805 806 853 1
2 1 807 808 854 1
2 1 809 810 855 1
2 1 811 812 856 1
2 1 813 814 857 1
2 1 815 816 858 1
2 1 817 818 859 1
2 1 819 820 860 1
2 1 821 822 861 1
2 1 823 824 862 1
2 1 825 826 863 1
2 1 827 828 864 1
2 1 829 830 865 1
2 1 831 832 866 1
2 1 833 834 867 1
2 1 835 836 868 1
2 1 837 838 869 1
2 1 839 840 870 1
2 1 841 842 871 1
2 1 843 844 872 1
2 1 845 846 873 1
2 1 847 848 874 1
2 1 849 850 875 1
2 1 851 852 876 1
2 1 853 854 877 1
2 1 855 856 878 1
2 1 857 858 879 1
2 1 859 860 880 1
2 1 861 862 881 1
2 1 863 864 882 1
2 1 865 866 883 1
2 1 867 868 884 1
2 1 869 870 885 1
2 1 871 872 886 1
2 1 873 874 887 1
2 1 876 877 888 1
2 1 878 879 889 1
2 1 880 881 890 1
2 1 882 883 891 1
2 1 884 885 892 1
2 1 886 887 893 1
2 1 888 889 894 1
2 1 890 891 895 1
2 1 892 893 896 1
2 1 875 896 897 1
2 1 894 895 898 1
2 1 897 898 899 1
2 1 301 304 900 1
2 1 307 310 901 1
2 1 313 316 902 1
2 1 319 322 903 1
2 1 325 328 904 1
2 1 331 334 905 1
2 1 337 340 906 1
2 1 343 346 907 1
2 1 349 352 908 1
2 1 355 358 909 1
2 1 361 364 910 1
2 1 367 370 911 1
2 1 373 376 912 1
2 1 379 382 913 1
2 1 385 388 914 1
2 1 391 394 915 1
2 1 397 400 916 1
2 1 403 406 917 1
2 1 409 412 918 1
2 1 415 418 919 1
2 1 421 424 920 1
2 1 427 430 921 1
2 1 433 436 922 1
2 1 439 442 923 1
2 1 445 448 924 1
2 1 451 454 925 1
2 1 457 460 926 1
2 1 463 466 927 1
2 1 469 472 928 1
2 1 475 478 929 1
2 1 481 484 930 1
2 1 487 490 931 1
2 1 493 496 932 1
2 1 499 502 933 1
2 1 505 508 934 1
2 1 511 514 935 1
2 1 517 520 936 1
2 1 523 526 937 1
2 1 529 532 938 1
2 1 535 538 939 1
2 1 541 544 940 1
2 1 547 550 941 1
2 1 553 556 942 1
2 1 559 562 943 1
2 1 565 568 944 1
2 1 571 574 945 1
2 1 577 580 946 1
2 1 583 586 947 1
2 1 589 592 948 1
2 1 595 598 949 1
2 1 900 901 950 1
2 1 902 903 951 1
2 1 904 905 952 1
2 1 906 907 953 1
2 1 908 909 954 1
2 1 910 911 955 1
2 1 912 913 956 1
2 1 914 915 957 1
2 1 916 917 958 1
2 1 918 919 959 1
2 1 920 921 960 1
2 1 922 923 961 1
2 1 924 925 962 1
2 1 926 927 963 1
2 1 928 929 964 1
2 1 930 931 965 1
2 1 932 933 966 1
2 1 934 935 967 1
2 1 936 937 968 1
2 1 938 939 969 1
2 1 940 941 970 1
2 1 942 943 971 1
2 1 944 945 972 1
2 1 946 947 973 1
2 1 948 949 974 1
2 1 950 951 975 1
2 1 952 953 976 1
2 1 954 955 977 1
2 1 956 957 978 1
2 1 958 959 979 1
2 1 960 961 980 1
2 1 962 963 981 1
2 1 964 965 982 1
2 1 966 967 983 1
2 1 968 969 984 1
2 1 970 971 985 1
2 1 972 973 986 1
2 1 975 976 987 1
2 1 977 978 988 1
2 1 979 980 989 1
2 1 981 982 990 1
2 1 983 984 991 1
2 1 985 986 992 1
2 1 987 988 993 1
2 1 989 990 994 1
2 1 991 992 995 1
2 1 974 995 996 1
2 1 993 994 997 1
2 1 996 997 998 1
2 1 899 899 999 2
2 1 998 100 1000 5
2 1 1000 999 1001 6
2 1 2 5 1002 1
2 1 8 11 1003 1
2 1 14 17 1004 1
2 1 20 23 1005 1
2 1 26 29 1006 1
2 1 32 35 1007 1
2 1 38 41 1008 1
2 1 44 47 1009 1
2 1 50 53 1010 1
2 1 56 59 1011 1
2 1 62 65 1012 1
2 1 68 71 1013 1
2 1 74 77 1014 1
2 1 80 83 1015 1
2 1 86 89 1016 1
2 1 92 95 1017 1
2 1 98 101 1018 1
2 1 104 107 1019 1
2 1 110 113 1020 1
2 1 116 119 1021 1
2 1 122 125 1022 1
2 1 128 131 1023 1
2 1 134 137 1024 1
2 1 140 143 1025 1
2 1 146 149 1026 1
2 1 152 155 1027 1
2 1 158 161 1028 1
2 1 164 167 1029 1
2 1 170 173 1030 1
2 1 176 179 1031 1
2 1 182 185 1032 1
2 1 188 191 1033 1
2 1 194 197 1034 1
2 1 200 203 1035 1
2 1 206 209 1036 1
2 1 212 215 1037 1
2 1 218 221 1038 1
2 1 224 227 1039 1
2 1 230 233 1040 1
2 1 236 239 1041 1
2 1 242 245 1042 1
2 1 248 251 1043 1
2 1 254 257 1044 1
2 1 260 263 1045 1
2 1 266 269 1046 1
2 1 272 275 1047 1
2 1 278 281 1048 1
2 1 284 287 1049 1
2 1 290 293 1050 1
2 1 296 299 1051 1
2 1 1002 1003 1052 1
2 1 1004 1005 1053 1
2 1 1006 1007 1054 1
2 1 1008 1009 1055 1
2 1 1010 1011 1056 1
2 1 1012 1013 1057 1
2 1 1014 1015 1058 1
2 1 1016 1017 1059 1
2 1 1018 1019 1060 1
2 1 1020 1021 1061 1
2 1 1022 1023 1062 1
2 1 1024 1025 1063 1
2 1 1026 1027 1064 1
2 1 1028 1029 1065 1
2 1 1030 1031 1066 1
2 1 1032 1033 1067 1
2 1 1034 1035 1068 1
2 1 1036 1037 1069 1
2 1 1038 1039 1070 1
2 1 1040 1041 1071 1
2 1 1042 1043 1072 1
2 1 1044 1045 1073 1
2 1 1046 1047 1074 1
2 1 1048 1049 1075 1
2 1 1050 1051 1076 1
2 1 1052 1053 1077 1
2 1 1054 1055 1078 1
2 1 1056 1057 1079 1
2 1 1058 1059 1080 1
2 1 1060 1061 1081 1
2 1 1062 1063 1082 1
2 1 1064 1065 1083 1
2 1 1066 1067 1084 1
2 1 1068 1069 1085 1
2 1 1070 1071 1086 1
2 1 1072 1073 1087 1
2 1 1074 1075 1088 1
2 1 1077 1078 1089 1
2 1 1079 1080 1090 1
2 1 1081 1082 1091 1
2 1 1083 1084 1092 1
2 1 1085 1086 1093 1
2 1 1087 1088 1094 1
2 1 1089 1090 1095 1
2 1 1091 1092 1096 1
2 1 1093 1094 1097 1
2 1 1076 1097 1098 1
2 1 1095 1096 1099 1
2 1 1098 1099 1100 1
2 1 302 305 1101 1
2 1 308 311 1102 1
2 1 314 317 1103 1
2 1 320 323 1104 1
2 1 326 329 1105 1
2 1 332 335 1106 1
2 1 338 341 1107 1
2 1 344 347 1108 1
2 1 350 353 1109 1
2 1 356 359 1110 1
2 1 362 365 1111 1
2 1 368 371 1112 1
2 1 374 377 1113 1
2 1 380 383 1114 1
2 1 386 389 1115 1
2 1 392 395 1116 1
2 1 398 401 1117 1
2 1 404 407 1118 1
2 1 410 413 1119 1
2 1 416 419 1120 1
2 1 422 425 1121 1
2 1 428 431 1122 1
2 1 434 437 1123 1
2 1 440 443 1124 1
2 1 446 449 1125 1
2 1 452 455 1126 1
2 1 458 461 1127 1
2 1 464 467 1128 1
2 1 470 473 1129 1
2 1 476 479 1130 1
2 1 482 485 1131 1
2 1 488 491 1132 1
2 1 494 497 1133 1
2 1 500 503 1134 1
2 1 506 509 1135 1
2 1 512 515 1136 1
2 1 518 521 1137 1
2 1 524 527 1138 1
2 1 530 533 1139 1
2 1 536 539 1140 1
2 1 542 545 1141 1
2 1 548 551 1142 1
2 1 554 557 1143 1
2 1 560 563 1144 1
2 1 566 569 1145 1
2 1 572 575 1146 1
2 1 578 581 1147 1
2 1 584 587 1148 1
2 1 590 593 1149 1
2 1 596 599 1150 1
2 1 1101 1102 1151 1
2 1 1103 1104 1152 1
2 1 1105 1106 1153 1
2 1 1107 1108 1154 1
2 1 1109 1110 1155 1
2 1 1111 1112 1156 1
2 1 1113 1114 1157 1
2 1 1115 1116 1158 1
2 1 1117 1118 1159 1
2 1 1119 1120 1160 1
2 1 1121 1122 1161 1
2 1 1123 1124 1162 1
2 1 1125 1126 1163 1
2 1 1127 1128 1164 1
2 1 1129 1130 1165 1
2 1 1131 1132 1166 1
2 1 1133 1134 1167 1
2 1 1135 1136 1168 1
2 1 1137 1138 1169 1
2 1 1139 1140 1170 1
2 1 1141 1142 1171 1
2 1 1143 1144 1172 1
2 1 1145 1146 1173 1
2 1 1147 1148 1174 1
2 1 1149 1150 1175 1
2 1 1151 1152 1176 1
2 1 1153 1154 1177 1
2 1 1155 1156 1178 1
2 1 1157 1158 1179 1
2 1 1159 1160 1180 1
2 1 1161 1162 1181 1
2 1 1163 1164 1182 1
2 1 1165 1166 1183 1
2 1 1167 1168 1184 1
2 1 1169 1170 1185 1
2 1 1171 1172 1186 1
2 1 1173 1174 1187 1
2 1 1176 1177 1188 1
2 1 1178 1179 1189 1
2 1 1180 1181 1190 1
2 1 1182 1183 1191 1
2 1 1184 1185 1192 1
2 1 1186 1187 1193 1
2 1 1188 1189 1194 1
2 1 1190 1191 1195 1
2 1 1192 1193 1196 1
2 1 1175 1196 1197 1
2 1 1194 1195 1198 1
2 1 1197 1198 1199 1
2 1 1100 1100 1200 2
2 1 1199 100 1201 5
2 1 1201 1200 1202 6
