2253
250

1 3
0
1
2

2 3
3
4
5

3 3
6
7
8

4 3
9
10
11

5 3
12
13
14

6 3
15
16
17

7 3
18
19
20

8 3
21
22
23

9 3
24
25
26

10 3
27
28
29

11 3
30
31
32

12 3
33
34
35

13 3
36
37
38

14 3
39
40
41

15 3
42
43
44

16 3
45
46
47

17 3
48
49
50

18 3
51
52
53

19 3
54
55
56

20 3
57
58
59

21 3
60
61
62

22 3
63
64
65

23 3
66
67
68

24 3
69
70
71

25 3
72
73
74

26 3
75
76
77

27 3
78
79
80

28 3
81
82
83

29 3
84
85
86

30 3
87
88
89

31 3
90
91
92

32 3
93
94
95

33 3
96
97
98

34 3
99
100
101

35 3
102
103
104

36 3
105
106
107

37 3
108
109
110

38 3
111
112
113

39 3
114
115
116

40 3
117
118
119

41 3
120
121
122

42 3
123
124
125

43 3
126
127
128

44 3
129
130
131

45 3
132
133
134

46 3
135
136
137

47 3
138
139
140

48 3
141
142
143

49 3
144
145
146

50 3
147
148
149

51 3
150
151
152

52 3
153
154
155

53 3
156
157
158

54 3
159
160
161

55 3
162
163
164

56 3
165
166
167

57 3
168
169
170

58 3
171
172
173

59 3
174
175
176

60 3
177
178
179

61 3
180
181
182

62 3
183
184
185

63 3
186
187
188

64 3
189
190
191

65 3
192
193
194

66 3
195
196
197

67 3
198
199
200

68 3
201
202
203

69 3
204
205
206

70 3
207
208
209

71 3
210
211
212

72 3
213
214
215

73 3
216
217
218

74 3
219
220
221

75 3
222
223
224

76 3
225
226
227

77 3
228
229
230

78 3
231
232
233

79 3
234
235
236

80 3
237
238
239

81 3
240
241
242

82 3
243
244
245

83 3
246
247
248

84 3
249
250
251

85 3
252
253
254

86 3
255
256
257

87 3
258
259
260

88 3
261
262
263

89 3
264
265
266

90 3
267
268
269

91 3
270
271
272

92 3
273
274
275

93 3
276
277
278

94 3
279
280
281

95 3
282
283
284

96 3
285
286
287

97 3
288
289
290

98 3
291
292
293

99 3
294
295
296

100 3
297
298
299

101 3
300
301
302

102 3
303
304
305

103 3
306
307
308

104 3
309
310
311

105 3
312
313
314

106 3
315
316
317

107 3
318
319
320

108 3
321
322
323

109 3
324
325
326

110 3
327
328
329

111 3
330
331
332

112 3
333
334
335

113 3
336
337
338

114 3
339
340
341

115 3
342
343
344

116 3
345
346
347

117 3
348
349
350

118 3
351
352
353

119 3
354
355
356

120 3
357
358
359

121 3
360
361
362

122 3
363
364
365

123 3
366
367
368

124 3
369
370
371

125 3
372
373
374

126 3
375
376
377

127 3
378
379
380

128 3
381
382
383

129 3
384
385
386

130 3
387
388
389

131 3
390
391
392

132 3
393
394
395

133 3
396
397
398

134 3
399
400
401

135 3
402
403
404

136 3
405
406
407

137 3
408
409
410

138 3
411
412
413

139 3
414
415
416

140 3
417
418
419

141 3
420
421
422

142 3
423
424
425

143 3
426
427
428

144 3
429
430
431

145 3
432
433
434

146 3
435
436
437

147 3
438
439
440

148 3
441
442
443

149 3
444
445
446

150 3
447
448
449

151 3
450
451
452

152 3
453
454
455

153 3
456
457
458

154 3
459
460
461

155 3
462
463
464

156 3
465
466
467

157 3
468
469
470

158 3
471
472
473

159 3
474
475
476

160 3
477
478
479

161 3
480
481
482

162 3
483
484
485

163 3
486
487
488

164 3
489
490
491

165 3
492
493
494

166 3
495
496
497

167 3
498
499
500

168 3
501
502
503

169 3
504
505
506

170 3
507
508
509

171 3
510
511
512

172 3
513
514
515

173 3
516
517
518

174 3
519
520
521

175 3
522
523
524

176 3
525
526
527

177 3
528
529
530

178 3
531
532
533

179 3
534
535
536

180 3
537
538
539

181 3
540
541
542

182 3
543
544
545

183 3
546
547
548

184 3
549
550
551

185 3
552
553
554

186 3
555
556
557

187 3
558
559
560

188 3
561
562
563

189 3
564
565
566

190 3
567
568
569

191 3
570
571
572

192 3
573
574
575

193 3
576
577
578

194 3
579
580
581

195 3
582
583
584

196 3
585
586
587

197 3
588
589
590

198 3
591
592
593

199 3
594
595
596

200 3
597
598
599

201 3
600
601
602

202 3
603
604
605

203 3
606
607
608

204 3
609
610
611

205 3
612
613
614

206 3
615
616
617

207 3
618
619
620

208 3
621
622
623

209 3
624
625
626

210 3
627
628
629

211 3
630
631
632

212 3
633
634
635

213 3
636
637
638

214 3
639
640
641

215 3
642
643
644

216 3
645
646
647

217 3
648
649
650

218 3
651
652
653

219 3
654
655
656

220 3
657
658
659

221 3
660
661
662

222 3
663
664
665

223 3
666
667
668

224 3
669
670
671

225 3
672
673
674

226 3
675
676
677

227 3
678
679
680

228 3
681
682
683

229 3
684
685
686

230 3
687
688
689

231 3
690
691
692

232 3
693
694
695

233 3
696
697
698

234 3
699
700
701

235 3
702
703
704

236 3
705
706
707

237 3
708
709
710

238 3
711
712
713

239 3
714
715
716

240 3
717
718
719

241 3
720
721
722

242 3
723
724
725

243 3
726
727
728

244 3
729
730
731

245 3
732
733
734

246 3
735
736
737

247 3
738
739
740

248 3
741
742
743

249 3
744
745
746

250 3
747
748
749

1 6
1748
2000
2249
2501
2750
3002

2 6
1748
2000
2249
2501
2750
3002

3 6
1748
2000
2249
2501
2750
3002

4 6
1748
2000
2249
2501
2750
3002

5 6
1748
2000
2249
2501
2750
3002

6 6
1748
2000
2249
2501
2750
3002

7 6
1748
2000
2249
2501
2750
3002

8 6
1748
2000
2249
2501
2750
3002

9 6
1748
2000
2249
2501
2750
3002

10 6
1748
2000
2249
2501
2750
3002

11 6
1748
2000
2249
2501
2750
3002

12 6
1748
2000
2249
2501
2750
3002

13 6
1748
2000
2249
2501
2750
3002

14 6
1748
2000
2249
2501
2750
3002

15 6
1748
2000
2249
2501
2750
3002

16 6
1748
2000
2249
2501
2750
3002

17 6
1748
2000
2249
2501
2750
3002

18 6
1748
2000
2249
2501
2750
3002

19 6
1748
2000
2249
2501
2750
3002

20 6
1748
2000
2249
2501
2750
3002

21 6
1748
2000
2249
2501
2750
3002

22 6
1748
2000
2249
2501
2750
3002

23 6
1748
2000
2249
2501
2750
3002

24 6
1748
2000
2249
2501
2750
3002

25 6
1748
2000
2249
2501
2750
3002

26 6
1748
2000
2249
2501
2750
3002

27 6
1748
2000
2249
2501
2750
3002

28 6
1748
2000
2249
2501
2750
3002

29 6
1748
2000
2249
2501
2750
3002

30 6
1748
2000
2249
2501
2750
3002

31 6
1748
2000
2249
2501
2750
3002

32 6
1748
2000
2249
2501
2750
3002

33 6
1748
2000
2249
2501
2750
3002

34 6
1748
2000
2249
2501
2750
3002

35 6
1748
2000
2249
2501
2750
3002

36 6
1748
2000
2249
2501
2750
3002

37 6
1748
2000
2249
2501
2750
3002

38 6
1748
2000
2249
2501
2750
3002

39 6
1748
2000
2249
2501
2750
3002

40 6
1748
2000
2249
2501
2750
3002

41 6
1748
2000
2249
2501
2750
3002

42 6
1748
2000
2249
2501
2750
3002

43 6
1748
2000
2249
2501
2750
3002

44 6
1748
2000
2249
2501
2750
3002

45 6
1748
2000
2249
2501
2750
3002

46 6
1748
2000
2249
2501
2750
3002

47 6
1748
2000
2249
2501
2750
3002

48 6
1748
2000
2249
2501
2750
3002

49 6
1748
2000
2249
2501
2750
3002

50 6
1748
2000
2249
2501
2750
3002

51 6
1748
2000
2249
2501
2750
3002

52 6
1748
2000
2249
2501
2750
3002

53 6
1748
2000
2249
2501
2750
3002

54 6
1748
2000
2249
2501
2750
3002

55 6
1748
2000
2249
2501
2750
3002

56 6
1748
2000
2249
2501
2750
3002

57 6
1748
2000
2249
2501
2750
3002

58 6
1748
2000
2249
2501
2750
3002

59 6
1748
2000
2249
2501
2750
3002

60 6
1748
2000
2249
2501
2750
3002

61 6
1748
2000
2249
2501
2750
3002

62 6
1748
2000
2249
2501
2750
3002

63 6
1748
2000
2249
2501
2750
3002

64 6
1748
2000
2249
2501
2750
3002

65 6
1748
2000
2249
2501
2750
3002

66 6
1748
2000
2249
2501
2750
3002

67 6
1748
2000
2249
2501
2750
3002

68 6
1748
2000
2249
2501
2750
3002

69 6
1748
2000
2249
2501
2750
3002

70 6
1748
2000
2249
2501
2750
3002

71 6
1748
2000
2249
2501
2750
3002

72 6
1748
2000
2249
2501
2750
3002

73 6
1748
2000
2249
2501
2750
3002

74 6
1748
2000
2249
2501
2750
3002

75 6
1748
2000
2249
2501
2750
3002

76 6
1748
2000
2249
2501
2750
3002

77 6
1748
2000
2249
2501
2750
3002

78 6
1748
2000
2249
2501
2750
3002

79 6
1748
2000
2249
2501
2750
3002

80 6
1748
2000
2249
2501
2750
3002

81 6
1748
2000
2249
2501
2750
3002

82 6
1748
2000
2249
2501
2750
3002

83 6
1748
2000
2249
2501
2750
3002

84 6
1748
2000
2249
2501
2750
3002

85 6
1748
2000
2249
2501
2750
3002

86 6
1748
2000
2249
2501
2750
3002

87 6
1748
2000
2249
2501
2750
3002

88 6
1748
2000
2249
2501
2750
3002

89 6
1748
2000
2249
2501
2750
3002

90 6
1748
2000
2249
2501
2750
3002

91 6
1748
2000
2249
2501
2750
3002

92 6
1748
2000
2249
2501
2750
3002

93 6
1748
2000
2249
2501
2750
3002

94 6
1748
2000
2249
2501
2750
3002

95 6
1748
2000
2249
2501
2750
3002

96 6
1748
2000
2249
2501
2750
3002

97 6
1748
2000
2249
2501
2750
3002

98 6
1748
2000
2249
2501
2750
3002

99 6
1748
2000
2249
2501
2750
3002

100 6
1748
2000
2249
2501
2750
3002

101 6
1748
2000
2249
2501
2750
3002

102 6
1748
2000
2249
2501
2750
3002

103 6
1748
2000
2249
2501
2750
3002

104 6
1748
2000
2249
2501
2750
3002

105 6
1748
2000
2249
2501
2750
3002

106 6
1748
2000
2249
2501
2750
3002

107 6
1748
2000
2249
2501
2750
3002

108 6
1748
2000
2249
2501
2750
3002

109 6
1748
2000
2249
2501
2750
3002

110 6
1748
2000
2249
2501
2750
3002

111 6
1748
2000
2249
2501
2750
3002

112 6
1748
2000
2249
2501
2750
3002

113 6
1748
2000
2249
2501
2750
3002

114 6
1748
2000
2249
2501
2750
3002

115 6
1748
2000
2249
2501
2750
3002

116 6
1748
2000
2249
2501
2750
3002

117 6
1748
2000
2249
2501
2750
3002

118 6
1748
2000
2249
2501
2750
3002

119 6
1748
2000
2249
2501
2750
3002

120 6
1748
2000
2249
2501
2750
3002

121 6
1748
2000
2249
2501
2750
3002

122 6
1748
2000
2249
2501
2750
3002

123 6
1748
2000
2249
2501
2750
3002

124 6
1748
2000
2249
2501
2750
3002

125 6
1748
2000
2249
2501
2750
3002

126 6
1748
2000
2249
2501
2750
3002

127 6
1748
2000
2249
2501
2750
3002

128 6
1748
2000
2249
2501
2750
3002

129 6
1748
2000
2249
2501
2750
3002

130 6
1748
2000
2249
2501
2750
3002

131 6
1748
2000
2249
2501
2750
3002

132 6
1748
2000
2249
2501
2750
3002

133 6
1748
2000
2249
2501
2750
3002

134 6
1748
2000
2249
2501
2750
3002

135 6
1748
2000
2249
2501
2750
3002

136 6
1748
2000
2249
2501
2750
3002

137 6
1748
2000
2249
2501
2750
3002

138 6
1748
2000
2249
2501
2750
3002

139 6
1748
2000
2249
2501
2750
3002

140 6
1748
2000
2249
2501
2750
3002

141 6
1748
2000
2249
2501
2750
3002

142 6
1748
2000
2249
2501
2750
3002

143 6
1748
2000
2249
2501
2750
3002

144 6
1748
2000
2249
2501
2750
3002

145 6
1748
2000
2249
2501
2750
3002

146 6
1748
2000
2249
2501
2750
3002

147 6
1748
2000
2249
2501
2750
3002

148 6
1748
2000
2249
2501
2750
3002

149 6
1748
2000
2249
2501
2750
3002

150 6
1748
2000
2249
2501
2750
3002

151 6
1748
2000
2249
2501
2750
3002

152 6
1748
2000
2249
2501
2750
3002

153 6
1748
2000
2249
2501
2750
3002

154 6
1748
2000
2249
2501
2750
3002

155 6
1748
2000
2249
2501
2750
3002

156 6
1748
2000
2249
2501
2750
3002

157 6
1748
2000
2249
2501
2750
3002

158 6
1748
2000
2249
2501
2750
3002

159 6
1748
2000
2249
2501
2750
3002

160 6
1748
2000
2249
2501
2750
3002

161 6
1748
2000
2249
2501
2750
3002

162 6
1748
2000
2249
2501
2750
3002

163 6
1748
2000
2249
2501
2750
3002

164 6
1748
2000
2249
2501
2750
3002

165 6
1748
2000
2249
2501
2750
3002

166 6
1748
2000
2249
2501
2750
3002

167 6
1748
2000
2249
2501
2750
3002

168 6
1748
2000
2249
2501
2750
3002

169 6
1748
2000
2249
2501
2750
3002

170 6
1748
2000
2249
2501
2750
3002

171 6
1748
2000
2249
2501
2750
3002

172 6
1748
2000
2249
2501
2750
3002

173 6
1748
2000
2249
2501
2750
3002

174 6
1748
2000
2249
2501
2750
3002

175 6
1748
2000
2249
2501
2750
3002

176 6
1748
2000
2249
2501
2750
3002

177 6
1748
2000
2249
2501
2750
3002

178 6
1748
2000
2249
2501
2750
3002

179 6
1748
2000
2249
2501
2750
3002

180 6
1748
2000
2249
2501
2750
3002

181 6
1748
2000
2249
2501
2750
3002

182 6
1748
2000
2249
2501
2750
3002

183 6
1748
2000
2249
2501
2750
3002

184 6
1748
2000
2249
2501
2750
3002

185 6
1748
2000
2249
2501
2750
3002

186 6
1748
2000
2249
2501
2750
3002

187 6
1748
2000
2249
2501
2750
3002

188 6
1748
2000
2249
2501
2750
3002

189 6
1748
2000
2249
2501
2750
3002

190 6
1748
2000
2249
2501
2750
3002

191 6
1748
2000
2249
2501
2750
3002

192 6
1748
2000
2249
2501
2750
3002

193 6
1748
2000
2249
2501
2750
3002

194 6
1748
2000
2249
2501
2750
3002

195 6
1748
2000
2249
2501
2750
3002

196 6
1748
2000
2249
2501
2750
3002

197 6
1748
2000
2249
2501
2750
3002

198 6
1748
2000
2249
2501
2750
3002

199 6
1748
2000
2249
2501
2750
3002

200 6
1748
2000
2249
2501
2750
3002

201 6
1748
2000
2249
2501
2750
3002

202 6
1748
2000
2249
2501
2750
3002

203 6
1748
2000
2249
2501
2750
3002

204 6
1748
2000
2249
2501
2750
3002

205 6
1748
2000
2249
2501
2750
3002

206 6
1748
2000
2249
2501
2750
3002

207 6
1748
2000
2249
2501
2750
3002

208 6
1748
2000
2249
2501
2750
3002

209 6
1748
2000
2249
2501
2750
3002

210 6
1748
2000
2249
2501
2750
3002

211 6
1748
2000
2249
2501
2750
3002

212 6
1748
2000
2249
2501
2750
3002

213 6
1748
2000
2249
2501
2750
3002

214 6
1748
2000
2249
2501
2750
3002

215 6
1748
2000
2249
2501
2750
3002

216 6
1748
2000
2249
2501
2750
3002

217 6
1748
2000
2249
2501
2750
3002

218 6
1748
2000
2249
2501
2750
3002

219 6
1748
2000
2249
2501
2750
3002

220 6
1748
2000
2249
2501
2750
3002

221 6
1748
2000
2249
2501
2750
3002

222 6
1748
2000
2249
2501
2750
3002

223 6
1748
2000
2249
2501
2750
3002

224 6
1748
2000
2249
2501
2750
3002

225 6
1748
2000
2249
2501
2750
3002

226 6
1748
2000
2249
2501
2750
3002

227 6
1748
2000
2249
2501
2750
3002

228 6
1748
2000
2249
2501
2750
3002

229 6
1748
2000
2249
2501
2750
3002

230 6
1748
2000
2249
2501
2750
3002

231 6
1748
2000
2249
2501
2750
3002

232 6
1748
2000
2249
2501
2750
3002

233 6
1748
2000
2249
2501
2750
3002

234 6
1748
2000
2249
2501
2750
3002

235 6
1748
2000
2249
2501
2750
3002

236 6
1748
2000
2249
2501
2750
3002

237 6
1748
2000
2249
2501
2750
3002

238 6
1748
2000
2249
2501
2750
3002

239 6
1748
2000
2249
2501
2750
3002

240 6
1748
2000
2249
2501
2750
3002

241 6
1748
2000
2249
2501
2750
3002

242 6
1748
2000
2249
2501
2750
3002

243 6
1748
2000
2249
2501
2750
3002

244 6
1748
2000
2249
2501
2750
3002

245 6
1748
2000
2249
2501
2750
3002

246 6
1748
2000
2249
2501
2750
3002

247 6
1748
2000
2249
2501
2750
3002

248 6
1748
2000
2249
2501
2750
3002

249 6
1748
2000
2249
2501
2750
3002

250 6
1748
2000
2249
2501
2750
3002


2 1 0 0 750 2
2 1 1 1 751 2
2 1 2 2 752 2
2 1 3 3 753 2
2 1 4 4 754 2
2 1 5 5 755 2
2 1 6 6 756 2
2 1 7 7 757 2
2 1 8 8 758 2
2 1 9 9 759 2
2 1 10 10 760 2
2 1 11 11 761 2
2 1 12 12 762 2
2 1 13 13 763 2
2 1 14 14 764 2
2 1 15 15 765 2
2 1 16 16 766 2
2 1 17 17 767 2
2 1 18 18 768 2
2 1 19 19 769 2
2 1 20 20 770 2
2 1 21 21 771 2
2 1 22 22 772 2
2 1 23 23 773 2
2 1 24 24 774 2
2 1 25 25 775 2
2 1 26 26 776 2
2 1 27 27 777 2
2 1 28 28 778 2
2 1 29 29 779 2
2 1 30 30 780 2
2 1 31 31 781 2
2 1 32 32 782 2
2 1 33 33 783 2
2 1 34 34 784 2
2 1 35 35 785 2
2 1 36 36 786 2
2 1 37 37 787 2
2 1 38 38 788 2
2 1 39 39 789 2
2 1 40 40 790 2
2 1 41 41 791 2
2 1 42 42 792 2
2 1 43 43 793 2
2 1 44 44 794 2
2 1 45 45 795 2
2 1 46 46 796 2
2 1 47 47 797 2
2 1 48 48 798 2
2 1 49 49 799 2
2 1 50 50 800 2
2 1 51 51 801 2
2 1 52 52 802 2
2 1 53 53 803 2
2 1 54 54 804 2
2 1 55 55 805 2
2 1 56 56 806 2
2 1 57 57 807 2
2 1 58 58 808 2
2 1 59 59 809 2
2 1 60 60 810 2
2 1 61 61 811 2
2 1 62 62 812 2
2 1 63 63 813 2
2 1 64 64 814 2
2 1 65 65 815 2
2 1 66 66 816 2
2 1 67 67 817 2
2 1 68 68 818 2
2 1 69 69 819 2
2 1 70 70 820 2
2 1 71 71 821 2
2 1 72 72 822 2
2 1 73 73 823 2
2 1 74 74 824 2
2 1 75 75 825 2
2 1 76 76 826 2
2 1 77 77 827 2
2 1 78 78 828 2
2 1 79 79 829 2
2 1 80 80 830 2
2 1 81 81 831 2
2 1 82 82 832 2
2 1 83 83 833 2
2 1 84 84 834 2
2 1 85 85 835 2
2 1 86 86 836 2
2 1 87 87 837 2
2 1 88 88 838 2
2 1 89 89 839 2
2 1 90 90 840 2
2 1 91 91 841 2
2 1 92 92 842 2
2 1 93 93 843 2
2 1 94 94 844 2
2 1 95 95 845 2
2 1 96 96 846 2
2 1 97 97 847 2
2 1 98 98 848 2
2 1 99 99 849 2
2 1 100 100 850 2
2 1 101 101 851 2
2 1 102 102 852 2
2 1 103 103 853 2
2 1 104 104 854 2
2 1 105 105 855 2
2 1 106 106 856 2
2 1 107 107 857 2
2 1 108 108 858 2
2 1 109 109 859 2
2 1 110 110 860 2
2 1 111 111 861 2
2 1 112 112 862 2
2 1 113 113 863 2
2 1 114 114 864 2
2 1 115 115 865 2
2 1 116 116 866 2
2 1 117 117 867 2
2 1 118 118 868 2
2 1 119 119 869 2
2 1 120 120 870 2
2 1 121 121 871 2
2 1 122 122 872 2
2 1 123 123 873 2
2 1 124 124 874 2
2 1 125 125 875 2
2 1 126 126 876 2
2 1 127 127 877 2
2 1 128 128 878 2
2 1 129 129 879 2
2 1 130 130 880 2
2 1 131 131 881 2
2 1 132 132 882 2
2 1 133 133 883 2
2 1 134 134 884 2
2 1 135 135 885 2
2 1 136 136 886 2
2 1 137 137 887 2
2 1 138 138 888 2
2 1 139 139 889 2
2 1 140 140 890 2
2 1 141 141 891 2
2 1 142 142 892 2
2 1 143 143 893 2
2 1 144 144 894 2
2 1 145 145 895 2
2 1 146 146 896 2
2 1 147 147 897 2
2 1 148 148 898 2
2 1 149 149 899 2
2 1 150 150 900 2
2 1 151 151 901 2
2 1 152 152 902 2
2 1 153 153 903 2
2 1 154 154 904 2
2 1 155 155 905 2
2 1 156 156 906 2
2 1 157 157 907 2
2 1 158 158 908 2
2 1 159 159 909 2
2 1 160 160 910 2
2 1 161 161 911 2
2 1 162 162 912 2
2 1 163 163 913 2
2 1 164 164 914 2
2 1 165 165 915 2
2 1 166 166 916 2
2 1 167 167 917 2
2 1 168 168 918 2
2 1 169 169 919 2
2 1 170 170 920 2
2 1 171 171 921 2
2 1 172 172 922 2
2 1 173 173 923 2
2 1 174 174 924 2
2 1 175 175 925 2
2 1 176 176 926 2
2 1 177 177 927 2
2 1 178 178 928 2
2 1 179 179 929 2
2 1 180 180 930 2
2 1 181 181 931 2
2 1 182 182 932 2
2 1 183 183 933 2
2 1 184 184 934 2
2 1 185 185 935 2
2 1 186 186 936 2
2 1 187 187 937 2
2 1 188 188 938 2
2 1 189 189 939 2
2 1 190 190 940 2
2 1 191 191 941 2
2 1 192 192 942 2
2 1 193 193 943 2
2 1 194 194 944 2
2 1 195 195 945 2
2 1 196 196 946 2
2 1 197 197 947 2
2 1 198 198 948 2
2 1 199 199 949 2
2 1 200 200 950 2
2 1 201 201 951 2
2 1 202 202 952 2
2 1 203 203 953 2
2 1 204 204 954 2
2 1 205 205 955 2
2 1 206 206 956 2
2 1 207 207 957 2
2 1 208 208 958 2
2 1 209 209 959 2
2 1 210 210 960 2
2 1 211 211 961 2
2 1 212 212 962 2
2 1 213 213 963 2
2 1 214 214 964 2
2 1 215 215 965 2
2 1 216 216 966 2
2 1 217 217 967 2
2 1 218 218 968 2
2 1 219 219 969 2
2 1 220 220 970 2
2 1 221 221 971 2
2 1 222 222 972 2
2 1 223 223 973 2
2 1 224 224 974 2
2 1 225 225 975 2
2 1 226 226 976 2
2 1 227 227 977 2
2 1 228 228 978 2
2 1 229 229 979 2
2 1 230 230 980 2
2 1 231 231 981 2
2 1 232 232 982 2
2 1 233 233 983 2
2 1 234 234 984 2
2 1 235 235 985 2
2 1 236 236 986 2
2 1 237 237 987 2
2 1 238 238 988 2
2 1 239 239 989 2
2 1 240 240 990 2
2 1 241 241 991 2
2 1 242 242 992 2
2 1 243 243 993 2
2 1 244 244 994 2
2 1 245 245 995 2
2 1 246 246 996 2
2 1 247 247 997 2
2 1 248 248 998 2
2 1 249 249 999 2
2 1 250 250 1000 2
2 1 251 251 1001 2
2 1 252 252 1002 2
2 1 253 253 1003 2
2 1 254 254 1004 2
2 1 255 255 1005 2
2 1 256 256 1006 2
2 1 257 257 1007 2
2 1 258 258 1008 2
2 1 259 259 1009 2
2 1 260 260 1010 2
2 1 261 261 1011 2
2 1 262 262 1012 2
2 1 263 263 1013 2
2 1 264 264 1014 2
2 1 265 265 1015 2
2 1 266 266 1016 2
2 1 267 267 1017 2
2 1 268 268 1018 2
2 1 269 269 1019 2
2 1 270 270 1020 2
2 1 271 271 1021 2
2 1 272 272 1022 2
2 1 273 273 1023 2
2 1 274 274 1024 2
2 1 275 275 1025 2
2 1 276 276 1026 2
2 1 277 277 1027 2
2 1 278 278 1028 2
2 1 279 279 1029 2
2 1 280 280 1030 2
2 1 281 281 1031 2
2 1 282 282 1032 2
2 1 283 283 1033 2
2 1 284 284 1034 2
2 1 285 285 1035 2
2 1 286 286 1036 2
2 1 287 287 1037 2
2 1 288 288 1038 2
2 1 289 289 1039 2
2 1 290 290 1040 2
2 1 291 291 1041 2
2 1 292 292 1042 2
2 1 293 293 1043 2
2 1 294 294 1044 2
2 1 295 295 1045 2
2 1 296 296 1046 2
2 1 297 297 1047 2
2 1 298 298 1048 2
2 1 299 299 1049 2
2 1 300 300 1050 2
2 1 301 301 1051 2
2 1 302 302 1052 2
2 1 303 303 1053 2
2 1 304 304 1054 2
2 1 305 305 1055 2
2 1 306 306 1056 2
2 1 307 307 1057 2
2 1 308 308 1058 2
2 1 309 309 1059 2
2 1 310 310 1060 2
2 1 311 311 1061 2
2 1 312 312 1062 2
2 1 313 313 1063 2
2 1 314 314 1064 2
2 1 315 315 1065 2
2 1 316 316 1066 2
2 1 317 317 1067 2
2 1 318 318 1068 2
2 1 319 319 1069 2
2 1 320 320 1070 2
2 1 321 321 1071 2
2 1 322 322 1072 2
2 1 323 323 1073 2
2 1 324 324 1074 2
2 1 325 325 1075 2
2 1 326 326 1076 2
2 1 327 327 1077 2
2 1 328 328 1078 2
2 1 329 329 1079 2
2 1 330 330 1080 2
2 1 331 331 1081 2
2 1 332 332 1082 2
2 1 333 333 1083 2
2 1 334 334 1084 2
2 1 335 335 1085 2
2 1 336 336 1086 2
2 1 337 337 1087 2
2 1 338 338 1088 2
2 1 339 339 1089 2
2 1 340 340 1090 2
2 1 341 341 1091 2
2 1 342 342 1092 2
2 1 343 343 1093 2
2 1 344 344 1094 2
2 1 345 345 1095 2
2 1 346 346 1096 2
2 1 347 347 1097 2
2 1 348 348 1098 2
2 1 349 349 1099 2
2 1 350 350 1100 2
2 1 351 351 1101 2
2 1 352 352 1102 2
2 1 353 353 1103 2
2 1 354 354 1104 2
2 1 355 355 1105 2
2 1 356 356 1106 2
2 1 357 357 1107 2
2 1 358 358 1108 2
2 1 359 359 1109 2
2 1 360 360 1110 2
2 1 361 361 1111 2
2 1 362 362 1112 2
2 1 363 363 1113 2
2 1 364 364 1114 2
2 1 365 365 1115 2
2 1 366 366 1116 2
2 1 367 367 1117 2
2 1 368 368 1118 2
2 1 369 369 1119 2
2 1 370 370 1120 2
2 1 371 371 1121 2
2 1 372 372 1122 2
2 1 373 373 1123 2
2 1 374 374 1124 2
2 1 375 375 1125 2
2 1 376 376 1126 2
2 1 377 377 1127 2
2 1 378 378 1128 2
2 1 379 379 1129 2
2 1 380 380 1130 2
2 1 381 381 1131 2
2 1 382 382 1132 2
2 1 383 383 1133 2
2 1 384 384 1134 2
2 1 385 385 1135 2
2 1 386 386 1136 2
2 1 387 387 1137 2
2 1 388 388 1138 2
2 1 389 389 1139 2
2 1 390 390 1140 2
2 1 391 391 1141 2
2 1 392 392 1142 2
2 1 393 393 1143 2
2 1 394 394 1144 2
2 1 395 395 1145 2
2 1 396 396 1146 2
2 1 397 397 1147 2
2 1 398 398 1148 2
2 1 399 399 1149 2
2 1 400 400 1150 2
2 1 401 401 1151 2
2 1 402 402 1152 2
2 1 403 403 1153 2
2 1 404 404 1154 2
2 1 405 405 1155 2
2 1 406 406 1156 2
2 1 407 407 1157 2
2 1 408 408 1158 2
2 1 409 409 1159 2
2 1 410 410 1160 2
2 1 411 411 1161 2
2 1 412 412 1162 2
2 1 413 413 1163 2
2 1 414 414 1164 2
2 1 415 415 1165 2
2 1 416 416 1166 2
2 1 417 417 1167 2
2 1 418 418 1168 2
2 1 419 419 1169 2
2 1 420 420 1170 2
2 1 421 421 1171 2
2 1 422 422 1172 2
2 1 423 423 1173 2
2 1 424 424 1174 2
2 1 425 425 1175 2
2 1 426 426 1176 2
2 1 427 427 1177 2
2 1 428 428 1178 2
2 1 429 429 1179 2
2 1 430 430 1180 2
2 1 431 431 1181 2
2 1 432 432 1182 2
2 1 433 433 1183 2
2 1 434 434 1184 2
2 1 435 435 1185 2
2 1 436 436 1186 2
2 1 437 437 1187 2
2 1 438 438 1188 2
2 1 439 439 1189 2
2 1 440 440 1190 2
2 1 441 441 1191 2
2 1 442 442 1192 2
2 1 443 443 1193 2
2 1 444 444 1194 2
2 1 445 445 1195 2
2 1 446 446 1196 2
2 1 447 447 1197 2
2 1 448 448 1198 2
2 1 449 449 1199 2
2 1 450 450 1200 2
2 1 451 451 1201 2
2 1 452 452 1202 2
2 1 453 453 1203 2
2 1 454 454 1204 2
2 1 455 455 1205 2
2 1 456 456 1206 2
2 1 457 457 1207 2
2 1 458 458 1208 2
2 1 459 459 1209 2
2 1 460 460 1210 2
2 1 461 461 1211 2
2 1 462 462 1212 2
2 1 463 463 1213 2
2 1 464 464 1214 2
2 1 465 465 1215 2
2 1 466 466 1216 2
2 1 467 467 1217 2
2 1 468 468 1218 2
2 1 469 469 1219 2
2 1 470 470 1220 2
2 1 471 471 1221 2
2 1 472 472 1222 2
2 1 473 473 1223 2
2 1 474 474 1224 2
2 1 475 475 1225 2
2 1 476 476 1226 2
2 1 477 477 1227 2
2 1 478 478 1228 2
2 1 479 479 1229 2
2 1 480 480 1230 2
2 1 481 481 1231 2
2 1 482 482 1232 2
2 1 483 483 1233 2
2 1 484 484 1234 2
2 1 485 485 1235 2
2 1 486 486 1236 2
2 1 487 487 1237 2
2 1 488 488 1238 2
2 1 489 489 1239 2
2 1 490 490 1240 2
2 1 491 491 1241 2
2 1 492 492 1242 2
2 1 493 493 1243 2
2 1 494 494 1244 2
2 1 495 495 1245 2
2 1 496 496 1246 2
2 1 497 497 1247 2
2 1 498 498 1248 2
2 1 499 499 1249 2
2 1 500 500 1250 2
2 1 501 501 1251 2
2 1 502 502 1252 2
2 1 503 503 1253 2
2 1 504 504 1254 2
2 1 505 505 1255 2
2 1 506 506 1256 2
2 1 507 507 1257 2
2 1 508 508 1258 2
2 1 509 509 1259 2
2 1 510 510 1260 2
2 1 511 511 1261 2
2 1 512 512 1262 2
2 1 513 513 1263 2
2 1 514 514 1264 2
2 1 515 515 1265 2
2 1 516 516 1266 2
2 1 517 517 1267 2
2 1 518 518 1268 2
2 1 519 519 1269 2
2 1 520 520 1270 2
2 1 521 521 1271 2
2 1 522 522 1272 2
2 1 523 523 1273 2
2 1 524 524 1274 2
2 1 525 525 1275 2
2 1 526 526 1276 2
2 1 527 527 1277 2
2 1 528 528 1278 2
2 1 529 529 1279 2
2 1 530 530 1280 2
2 1 531 531 1281 2
2 1 532 532 1282 2
2 1 533 533 1283 2
2 1 534 534 1284 2
2 1 535 535 1285 2
2 1 536 536 1286 2
2 1 537 537 1287 2
2 1 538 538 1288 2
2 1 539 539 1289 2
2 1 540 540 1290 2
2 1 541 541 1291 2
2 1 542 542 1292 2
2 1 543 543 1293 2
2 1 544 544 1294 2
2 1 545 545 1295 2
2 1 546 546 1296 2
2 1 547 547 1297 2
2 1 548 548 1298 2
2 1 549 549 1299 2
2 1 550 550 1300 2
2 1 551 551 1301 2
2 1 552 552 1302 2
2 1 553 553 1303 2
2 1 554 554 1304 2
2 1 555 555 1305 2
2 1 556 556 1306 2
2 1 557 557 1307 2
2 1 558 558 1308 2
2 1 559 559 1309 2
2 1 560 560 1310 2
2 1 561 561 1311 2
2 1 562 562 1312 2
2 1 563 563 1313 2
2 1 564 564 1314 2
2 1 565 565 1315 2
2 1 566 566 1316 2
2 1 567 567 1317 2
2 1 568 568 1318 2
2 1 569 569 1319 2
2 1 570 570 1320 2
2 1 571 571 1321 2
2 1 572 572 1322 2
2 1 573 573 1323 2
2 1 574 574 1324 2
2 1 575 575 1325 2
2 1 576 576 1326 2
2 1 577 577 1327 2
2 1 578 578 1328 2
2 1 579 579 1329 2
2 1 580 580 1330 2
2 1 581 581 1331 2
2 1 582 582 1332 2
2 1 583 583 1333 2
2 1 584 584 1334 2
2 1 585 585 1335 2
2 1 586 586 1336 2
2 1 587 587 1337 2
2 1 588 588 1338 2
2 1 589 589 1339 2
2 1 590 590 1340 2
2 1 591 591 1341 2
2 1 592 592 1342 2
2 1 593 593 1343 2
2 1 594 594 1344 2
2 1 595 595 1345 2
2 1 596 596 1346 2
2 1 597 597 1347 2
2 1 598 598 1348 2
2 1 599 599 1349 2
2 1 600 600 1350 2
2 1 601 601 1351 2
2 1 602 602 1352 2
2 1 603 603 1353 2
2 1 604 604 1354 2
2 1 605 605 1355 2
2 1 606 606 1356 2
2 1 607 607 1357 2
2 1 608 608 1358 2
2 1 609 609 1359 2
2 1 610 610 1360 2
2 1 611 611 1361 2
2 1 612 612 1362 2
2 1 613 613 1363 2
2 1 614 614 1364 2
2 1 615 615 1365 2
2 1 616 616 1366 2
2 1 617 617 1367 2
2 1 618 618 1368 2
2 1 619 619 1369 2
2 1 620 620 1370 2
2 1 621 621 1371 2
2 1 622 622 1372 2
2 1 623 623 1373 2
2 1 624 624 1374 2
2 1 625 625 1375 2
2 1 626 626 1376 2
2 1 627 627 1377 2
2 1 628 628 1378 2
2 1 629 629 1379 2
2 1 630 630 1380 2
2 1 631 631 1381 2
2 1 632 632 1382 2
2 1 633 633 1383 2
2 1 634 634 1384 2
2 1 635 635 1385 2
2 1 636 636 1386 2
2 1 637 637 1387 2
2 1 638 638 1388 2
2 1 639 639 1389 2
2 1 640 640 1390 2
2 1 641 641 1391 2
2 1 642 642 1392 2
2 1 643 643 1393 2
2 1 644 644 1394 2
2 1 645 645 1395 2
2 1 646 646 1396 2
2 1 647 647 1397 2
2 1 648 648 1398 2
2 1 649 649 1399 2
2 1 650 650 1400 2
2 1 651 651 1401 2
2 1 652 652 1402 2
2 1 653 653 1403 2
2 1 654 654 1404 2
2 1 655 655 1405 2
2 1 656 656 1406 2
2 1 657 657 1407 2
2 1 658 658 1408 2
2 1 659 659 1409 2
2 1 660 660 1410 2
2 1 661 661 1411 2
2 1 662 662 1412 2
2 1 663 663 1413 2
2 1 664 664 1414 2
2 1 665 665 1415 2
2 1 666 666 1416 2
2 1 667 667 1417 2
2 1 668 668 1418 2
2 1 669 669 1419 2
2 1 670 670 1420 2
2 1 671 671 1421 2
2 1 672 672 1422 2
2 1 673 673 1423 2
2 1 674 674 1424 2
2 1 675 675 1425 2
2 1 676 676 1426 2
2 1 677 677 1427 2
2 1 678 678 1428 2
2 1 679 679 1429 2
2 1 680 680 1430 2
2 1 681 681 1431 2
2 1 682 682 1432 2
2 1 683 683 1433 2
2 1 684 684 1434 2
2 1 685 685 1435 2
2 1 686 686 1436 2
2 1 687 687 1437 2
2 1 688 688 1438 2
2 1 689 689 1439 2
2 1 690 690 1440 2
2 1 691 691 1441 2
2 1 692 692 1442 2
2 1 693 693 1443 2
2 1 694 694 1444 2
2 1 695 695 1445 2
2 1 696 696 1446 2
2 1 697 697 1447 2
2 1 698 698 1448 2
2 1 699 699 1449 2
2 1 700 700 1450 2
2 1 701 701 1451 2
2 1 702 702 1452 2
2 1 703 703 1453 2
2 1 704 704 1454 2
2 1 705 705 1455 2
2 1 706 706 1456 2
2 1 707 707 1457 2
2 1 708 708 1458 2
2 1 709 709 1459 2
2 1 710 710 1460 2
2 1 711 711 1461 2
2 1 712 712 1462 2
2 1 713 713 1463 2
2 1 714 714 1464 2
2 1 715 715 1465 2
2 1 716 716 1466 2
2 1 717 717 1467 2
2 1 718 718 1468 2
2 1 719 719 1469 2
2 1 720 720 1470 2
2 1 721 721 1471 2
2 1 722 722 1472 2
2 1 723 723 1473 2
2 1 724 724 1474 2
2 1 725 725 1475 2
2 1 726 726 1476 2
2 1 727 727 1477 2
2 1 728 728 1478 2
2 1 729 729 1479 2
2 1 730 730 1480 2
2 1 731 731 1481 2
2 1 732 732 1482 2
2 1 733 733 1483 2
2 1 734 734 1484 2
2 1 735 735 1485 2
2 1 736 736 1486 2
2 1 737 737 1487 2
2 1 738 738 1488 2
2 1 739 739 1489 2
2 1 740 740 1490 2
2 1 741 741 1491 2
2 1 742 742 1492 2
2 1 743 743 1493 2
2 1 744 744 1494 2
2 1 745 745 1495 2
2 1 746 746 1496 2
2 1 747 747 1497 2
2 1 748 748 1498 2
2 1 749 749 1499 2
2 1 0 3 1500 1
2 1 6 9 1501 1
2 1 12 15 1502 1
2 1 18 21 1503 1
2 1 24 27 1504 1
2 1 30 33 1505 1
2 1 36 39 1506 1
2 1 42 45 1507 1
2 1 48 51 1508 1
2 1 54 57 1509 1
2 1 60 63 1510 1
2 1 66 69 1511 1
2 1 72 75 1512 1
2 1 78 81 1513 1
2 1 84 87 1514 1
2 1 90 93 1515 1
2 1 96 99 1516 1
2 1 102 105 1517 1
2 1 108 111 1518 1
2 1 114 117 1519 1
2 1 120 123 1520 1
2 1 126 129 1521 1
2 1 132 135 1522 1
2 1 138 141 1523 1
2 1 144 147 1524 1
2 1 150 153 1525 1
2 1 156 159 1526 1
2 1 162 165 1527 1
2 1 168 171 1528 1
2 1 174 177 1529 1
2 1 180 183 1530 1
2 1 186 189 1531 1
2 1 192 195 1532 1
2 1 198 201 1533 1
2 1 204 207 1534 1
2 1 210 213 1535 1
2 1 216 219 1536 1
2 1 222 225 1537 1
2 1 228 231 1538 1
2 1 234 237 1539 1
2 1 240 243 1540 1
2 1 246 249 1541 1
2 1 252 255 1542 1
2 1 258 261 1543 1
2 1 264 267 1544 1
2 1 270 273 1545 1
2 1 276 279 1546 1
2 1 282 285 1547 1
2 1 288 291 1548 1
2 1 294 297 1549 1
2 1 300 303 1550 1
2 1 306 309 1551 1
2 1 312 315 1552 1
2 1 318 321 1553 1
2 1 324 327 1554 1
2 1 330 333 1555 1
2 1 336 339 1556 1
2 1 342 345 1557 1
2 1 348 351 1558 1
2 1 354 357 1559 1
2 1 360 363 1560 1
2 1 366 369 1561 1
2 1 372 375 1562 1
2 1 378 381 1563 1
2 1 384 387 1564 1
2 1 390 393 1565 1
2 1 396 399 1566 1
2 1 402 405 1567 1
2 1 408 411 1568 1
2 1 414 417 1569 1
2 1 420 423 1570 1
2 1 426 429 1571 1
2 1 432 435 1572 1
2 1 438 441 1573 1
2 1 444 447 1574 1
2 1 450 453 1575 1
2 1 456 459 1576 1
2 1 462 465 1577 1
2 1 468 471 1578 1
2 1 474 477 1579 1
2 1 480 483 1580 1
2 1 486 489 1581 1
2 1 492 495 1582 1
2 1 498 501 1583 1
2 1 504 507 1584 1
2 1 510 513 1585 1
2 1 516 519 1586 1
2 1 522 525 1587 1
2 1 528 531 1588 1
2 1 534 537 1589 1
2 1 540 543 1590 1
2 1 546 549 1591 1
2 1 552 555 1592 1
2 1 558 561 1593 1
2 1 564 567 1594 1
2 1 570 573 1595 1
2 1 576 579 1596 1
2 1 582 585 1597 1
2 1 588 591 1598 1
2 1 594 597 1599 1
2 1 600 603 1600 1
2 1 606 609 1601 1
2 1 612 615 1602 1
2 1 618 621 1603 1
2 1 624 627 1604 1
2 1 630 633 1605 1
2 1 636 639 1606 1
2 1 642 645 1607 1
2 1 648 651 1608 1
2 1 654 657 1609 1
2 1 660 663 1610 1
2 1 666 669 1611 1
2 1 672 675 1612 1
2 1 678 681 1613 1
2 1 684 687 1614 1
2 1 690 693 1615 1
2 1 696 699 1616 1
2 1 702 705 1617 1
2 1 708 711 1618 1
2 1 714 717 1619 1
2 1 720 723 1620 1
2 1 726 729 1621 1
2 1 732 735 1622 1
2 1 738 741 1623 1
2 1 744 747 1624 1
2 1 1500 1501 1625 1
2 1 1502 1503 1626 1
2 1 1504 1505 1627 1
2 1 1506 1507 1628 1
2 1 1508 1509 1629 1
2 1 1510 1511 1630 1
2 1 1512 1513 1631 1
2 1 1514 1515 1632 1
2 1 1516 1517 1633 1
2 1 1518 1519 1634 1
2 1 1520 1521 1635 1
2 1 1522 1523 1636 1
2 1 1524 1525 1637 1
2 1 1526 1527 1638 1
2 1 1528 1529 1639 1
2 1 1530 1531 1640 1
2 1 1532 1533 1641 1
2 1 1534 1535 1642 1
2 1 1536 1537 1643 1
2 1 1538 1539 1644 1
2 1 1540 1541 1645 1
2 1 1542 1543 1646 1
2 1 1544 1545 1647 1
2 1 1546 1547 1648 1
2 1 1548 1549 1649 1
2 1 1550 1551 1650 1
2 1 1552 1553 1651 1
2 1 1554 1555 1652 1
2 1 1556 1557 1653 1
2 1 1558 1559 1654 1
2 1 1560 1561 1655 1
2 1 1562 1563 1656 1
2 1 1564 1565 1657 1
2 1 1566 1567 1658 1
2 1 1568 1569 1659 1
2 1 1570 1571 1660 1
2 1 1572 1573 1661 1
2 1 1574 1575 1662 1
2 1 1576 1577 1663 1
2 1 1578 1579 1664 1
2 1 1580 1581 1665 1
2 1 1582 1583 1666 1
2 1 1584 1585 1667 1
2 1 1586 1587 1668 1
2 1 1588 1589 1669 1
2 1 1590 1591 1670 1
2 1 1592 1593 1671 1
2 1 1594 1595 1672 1
2 1 1596 1597 1673 1
2 1 1598 1599 1674 1
2 1 1600 1601 1675 1
2 1 1602 1603 1676 1
2 1 1604 1605 1677 1
2 1 1606 1607 1678 1
2 1 1608 1609 1679 1
2 1 1610 1611 1680 1
2 1 1612 1613 1681 1
2 1 1614 1615 1682 1
2 1 1616 1617 1683 1
2 1 1618 1619 1684 1
2 1 1620 1621 1685 1
2 1 1622 1623 1686 1
2 1 1625 1626 1687 1
2 1 1627 1628 1688 1
2 1 1629 1630 1689 1
2 1 1631 1632 1690 1
2 1 1633 1634 1691 1
2 1 1635 1636 1692 1
2 1 1637 1638 1693 1
2 1 1639 1640 1694 1
2 1 1641 1642 1695 1
2 1 1643 1644 1696 1
2 1 1645 1646 1697 1
2 1 1647 1648 1698 1
2 1 1649 1650 1699 1
2 1 1651 1652 1700 1
2 1 1653 1654 1701 1
2 1 1655 1656 1702 1
2 1 1657 1658 1703 1
2 1 1659 1660 1704 1
2 1 1661 1662 1705 1
2 1 1663 1664 1706 1
2 1 1665 1666 1707 1
2 1 1667 1668 1708 1
2 1 1669 1670 1709 1
2 1 1671 1672 1710 1
2 1 1673 1674 1711 1
2 1 1675 1676 1712 1
2 1 1677 1678 1713 1
2 1 1679 1680 1714 1
2 1 1681 1682 1715 1
2 1 1683 1684 1716 1
2 1 1685 1686 1717 1
2 1 1624 1717 1718 1
2 1 1687 1688 1719 1
2 1 1689 1690 1720 1
2 1 1691 1692 1721 1
2 1 1693 1694 1722 1
2 1 1695 1696 1723 1
2 1 1697 1698 1724 1
2 1 1699 1700 1725 1
2 1 1701 1702 1726 1
2 1 1703 1704 1727 1
2 1 1705 1706 1728 1
2 1 1707 1708 1729 1
2 1 1709 1710 1730 1
2 1 1711 1712 1731 1
2 1 1713 1714 1732 1
2 1 1715 1716 1733 1
2 1 1718 1733 1734 1
2 1 1719 1720 1735 1
2 1 1721 1722 1736 1
2 1 1723 1724 1737 1
2 1 1725 1726 1738 1
2 1 1727 1728 1739 1
2 1 1729 1730 1740 1
2 1 1731 1732 1741 1
2 1 1734 1741 1742 1
2 1 1735 1736 1743 1
2 1 1737 1738 1744 1
2 1 1739 1740 1745 1
2 1 1742 1745 1746 1
2 1 1743 1744 1747 1
2 1 1746 1747 1748 1
2 1 750 753 1749 1
2 1 756 759 1750 1
2 1 762 765 1751 1
2 1 768 771 1752 1
2 1 774 777 1753 1
2 1 780 783 1754 1
2 1 786 789 1755 1
2 1 792 795 1756 1
2 1 798 801 1757 1
2 1 804 807 1758 1
2 1 810 813 1759 1
2 1 816 819 1760 1
2 1 822 825 1761 1
2 1 828 831 1762 1
2 1 834 837 1763 1
2 1 840 843 1764 1
2 1 846 849 1765 1
2 1 852 855 1766 1
2 1 858 861 1767 1
2 1 864 867 1768 1
2 1 870 873 1769 1
2 1 876 879 1770 1
2 1 882 885 1771 1
2 1 888 891 1772 1
2 1 894 897 1773 1
2 1 900 903 1774 1
2 1 906 909 1775 1
2 1 912 915 1776 1
2 1 918 921 1777 1
2 1 924 927 1778 1
2 1 930 933 1779 1
2 1 936 939 1780 1
2 1 942 945 1781 1
2 1 948 951 1782 1
2 1 954 957 1783 1
2 1 960 963 1784 1
2 1 966 969 1785 1
2 1 972 975 1786 1
2 1 978 981 1787 1
2 1 984 987 1788 1
2 1 990 993 1789 1
2 1 996 999 1790 1
2 1 1002 1005 1791 1
2 1 1008 1011 1792 1
2 1 1014 1017 1793 1
2 1 1020 1023 1794 1
2 1 1026 1029 1795 1
2 1 1032 1035 1796 1
2 1 1038 1041 1797 1
2 1 1044 1047 1798 1
2 1 1050 1053 1799 1
2 1 1056 1059 1800 1
2 1 1062 1065 1801 1
2 1 1068 1071 1802 1
2 1 1074 1077 1803 1
2 1 1080 1083 1804 1
2 1 1086 1089 1805 1
2 1 1092 1095 1806 1
2 1 1098 1101 1807 1
2 1 1104 1107 1808 1
2 1 1110 1113 1809 1
2 1 1116 1119 1810 1
2 1 1122 1125 1811 1
2 1 1128 1131 1812 1
2 1 1134 1137 1813 1
2 1 1140 1143 1814 1
2 1 1146 1149 1815 1
2 1 1152 1155 1816 1
2 1 1158 1161 1817 1
2 1 1164 1167 1818 1
2 1 1170 1173 1819 1
2 1 1176 1179 1820 1
2 1 1182 1185 1821 1
2 1 1188 1191 1822 1
2 1 1194 1197 1823 1
2 1 1200 1203 1824 1
2 1 1206 1209 1825 1
2 1 1212 1215 1826 1
2 1 1218 1221 1827 1
2 1 1224 1227 1828 1
2 1 1230 1233 1829 1
2 1 1236 1239 1830 1
2 1 1242 1245 1831 1
2 1 1248 1251 1832 1
2 1 1254 1257 1833 1
2 1 1260 1263 1834 1
2 1 1266 1269 1835 1
2 1 1272 1275 1836 1
2 1 1278 1281 1837 1
2 1 1284 1287 1838 1
2 1 1290 1293 1839 1
2 1 1296 1299 1840 1
2 1 1302 1305 1841 1
2 1 1308 1311 1842 1
2 1 1314 1317 1843 1
2 1 1320 1323 1844 1
2 1 1326 1329 1845 1
2 1 1332 1335 1846 1
2 1 1338 1341 1847 1
2 1 1344 1347 1848 1
2 1 1350 1353 1849 1
2 1 1356 1359 1850 1
2 1 1362 1365 1851 1
2 1 1368 1371 1852 1
2 1 1374 1377 1853 1
2 1 1380 1383 1854 1
2 1 1386 1389 1855 1
2 1 1392 1395 1856 1
2 1 1398 1401 1857 1
2 1 1404 1407 1858 1
2 1 1410 1413 1859 1
2 1 1416 1419 1860 1
2 1 1422 1425 1861 1
2 1 1428 1431 1862 1
2 1 1434 1437 1863 1
2 1 1440 1443 1864 1
2 1 1446 1449 1865 1
2 1 1452 1455 1866 1
2 1 1458 1461 1867 1
2 1 1464 1467 1868 1
2 1 1470 1473 1869 1
2 1 1476 1479 1870 1
2 1 1482 1485 1871 1
2 1 1488 1491 1872 1
2 1 1494 1497 1873 1
2 1 1749 1750 1874 1
2 1 1751 1752 1875 1
2 1 1753 1754 1876 1
2 1 1755 1756 1877 1
2 1 1757 1758 1878 1
2 1 1759 1760 1879 1
2 1 1761 1762 1880 1
2 1 1763 1764 1881 1
2 1 1765 1766 1882 1
2 1 1767 1768 1883 1
2 1 1769 1770 1884 1
2 1 1771 1772 1885 1
2 1 1773 1774 1886 1
2 1 1775 1776 1887 1
2 1 1777 1778 1888 1
2 1 1779 1780 1889 1
2 1 1781 1782 1890 1
2 1 1783 1784 1891 1
2 1 1785 1786 1892 1
2 1 1787 1788 1893 1
2 1 1789 1790 1894 1
2 1 1791 1792 1895 1
2 1 1793 1794 1896 1
2 1 1795 1796 1897 1
2 1 1797 1798 1898 1
2 1 1799 1800 1899 1
2 1 1801 1802 1900 1
2 1 1803 1804 1901 1
2 1 1805 1806 1902 1
2 1 1807 1808 1903 1
2 1 1809 1810 1904 1
2 1 1811 1812 1905 1
2 1 1813 1814 1906 1
2 1 1815 1816 1907 1
2 1 1817 1818 1908 1
2 1 1819 1820 1909 1
2 1 1821 1822 1910 1
2 1 1823 1824 1911 1
2 1 1825 1826 1912 1
2 1 1827 1828 1913 1
2 1 1829 1830 1914 1
2 1 1831 1832 1915 1
2 1 1833 1834 1916 1
2 1 1835 1836 1917 1
2 1 1837 1838 1918 1
2 1 1839 1840 1919 1
2 1 1841 1842 1920 1
2 1 1843 1844 1921 1
2 1 1845 1846 1922 1
2 1 1847 1848 1923 1
2 1 1849 1850 1924 1
2 1 1851 1852 1925 1
2 1 1853 1854 1926 1
2 1 1855 1856 1927 1
2 1 1857 1858 1928 1
2 1 1859 1860 1929 1
2 1 1861 1862 1930 1
2 1 1863 1864 1931 1
2 1 1865 1866 1932 1
2 1 1867 1868 1933 1
2 1 1869 1870 1934 1
2 1 1871 1872 1935 1
2 1 1874 1875 1936 1
2 1 1876 1877 1937 1
2 1 1878 1879 1938 1
2 1 1880 1881 1939 1
2 1 1882 1883 1940 1
2 1 1884 1885 1941 1
2 1 1886 1887 1942 1
2 1 1888 1889 1943 1
2 1 1890 1891 1944 1
2 1 1892 1893 1945 1
2 1 1894 1895 1946 1
2 1 1896 1897 1947 1
2 1 1898 1899 1948 1
2 1 1900 1901 1949 1
2 1 1902 1903 1950 1
2 1 1904 1905 1951 1
2 1 1906 1907 1952 1
2 1 1908 1909 1953 1
2 1 1910 1911 1954 1
2 1 1912 1913 1955 1
2 1 1914 1915 1956 1
2 1 1916 1917 1957 1
2 1 1918 1919 1958 1
2 1 1920 1921 1959 1
2 1 1922 1923 1960 1
2 1 1924 1925 1961 1
2 1 1926 1927 1962 1
2 1 1928 1929 1963 1
2 1 1930 1931 1964 1
2 1 1932 1933 1965 1
2 1 1934 1935 1966 1
2 1 1873 1966 1967 1
2 1 1936 1937 1968 1
2 1 1938 1939 1969 1
2 1 1940 1941 1970 1
2 1 1942 1943 1971 1
2 1 1944 1945 1972 1
2 1 1946 1947 1973 1
2 1 1948 1949 1974 1
2 1 1950 1951 1975 1
2 1 1952 1953 1976 1
2 1 1954 1955 1977 1
2 1 1956 1957 1978 1
2 1 1958 1959 1979 1
2 1 1960 1961 1980 1
2 1 1962 1963 1981 1
2 1 1964 1965 1982 1
2 1 1967 1982 1983 1
2 1 1968 1969 1984 1
2 1 1970 1971 1985 1
2 1 1972 1973 1986 1
2 1 1974 1975 1987 1
2 1 1976 1977 1988 1
2 1 1978 1979 1989 1
2 1 1980 1981 1990 1
2 1 1983 1990 1991 1
2 1 1984 1985 1992 1
2 1 1986 1987 1993 1
2 1 1988 1989 1994 1
2 1 1991 1994 1995 1
2 1 1992 1993 1996 1
2 1 1995 1996 1997 1
2 1 1748 1748 1998 2
2 1 1997 250 1999 5
2 1 1999 1998 2000 6
2 1 1 4 2001 1
2 1 7 10 2002 1
2 1 13 16 2003 1
2 1 19 22 2004 1
2 1 25 28 2005 1
2 1 31 34 2006 1
2 1 37 40 2007 1
2 1 43 46 2008 1
2 1 49 52 2009 1
2 1 55 58 2010 1
2 1 61 64 2011 1
2 1 67 70 2012 1
2 1 73 76 2013 1
2 1 79 82 2014 1
2 1 85 88 2015 1
2 1 91 94 2016 1
2 1 97 100 2017 1
2 1 103 106 2018 1
2 1 109 112 2019 1
2 1 115 118 2020 1
2 1 121 124 2021 1
2 1 127 130 2022 1
2 1 133 136 2023 1
2 1 139 142 2024 1
2 1 145 148 2025 1
2 1 151 154 2026 1
2 1 157 160 2027 1
2 1 163 166 2028 1
2 1 169 172 2029 1
2 1 175 178 2030 1
2 1 181 184 2031 1
2 1 187 190 2032 1
2 1 193 196 2033 1
2 1 199 202 2034 1
2 1 205 208 2035 1
2 1 211 214 2036 1
2 1 217 220 2037 1
2 1 223 226 2038 1
2 1 229 232 2039 1
2 1 235 238 2040 1
2 1 241 244 2041 1
2 1 247 250 2042 1
2 1 253 256 2043 1
2 1 259 262 2044 1
2 1 265 268 2045 1
2 1 271 274 2046 1
2 1 277 280 2047 1
2 1 283 286 2048 1
2 1 289 292 2049 1
2 1 295 298 2050 1
2 1 301 304 2051 1
2 1 307 310 2052 1
2 1 313 316 2053 1
2 1 319 322 2054 1
2 1 325 328 2055 1
2 1 331 334 2056 1
2 1 337 340 2057 1
2 1 343 346 2058 1
2 1 349 352 2059 1
2 1 355 358 2060 1
2 1 361 364 2061 1
2 1 367 370 2062 1
2 1 373 376 2063 1
2 1 379 382 2064 1
2 1 385 388 2065 1
2 1 391 394 2066 1
2 1 397 400 2067 1
2 1 403 406 2068 1
2 1 409 412 2069 1
2 1 415 418 2070 1
2 1 421 424 2071 1
2 1 427 430 2072 1
2 1 433 436 2073 1
2 1 439 442 2074 1
2 1 445 448 2075 1
2 1 451 454 2076 1
2 1 457 460 2077 1
2 1 463 466 2078 1
2 1 469 472 2079 1
2 1 475 478 2080 1
2 1 481 484 2081 1
2 1 487 490 2082 1
2 1 493 496 2083 1
2 1 499 502 2084 1
2 1 505 508 2085 1
2 1 511 514 2086 1
2 1 517 520 2087 1
2 1 523 526 2088 1
2 1 529 532 2089 1
2 1 535 538 2090 1
2 1 541 544 2091 1
2 1 547 550 2092 1
2 1 553 556 2093 1
2 1 559 562 2094 1
2 1 565 568 2095 1
2 1 571 574 2096 1
2 1 577 580 2097 1
2 1 583 586 2098 1
2 1 589 592 2099 1
2 1 595 598 2100 1
2 1 601 604 2101 1
2 1 607 610 2102 1
2 1 613 616 2103 1
2 1 619 622 2104 1
2 1 625 628 2105 1
2 1 631 634 2106 1
2 1 637 640 2107 1
2 1 643 646 2108 1
2 1 649 652 2109 1
2 1 655 658 2110 1
2 1 661 664 2111 1
2 1 667 670 2112 1
2 1 673 676 2113 1
2 1 679 682 2114 1
2 1 685 688 2115 1
2 1 691 694 2116 1
2 1 697 700 2117 1
2 1 703 706 2118 1
2 1 709 712 2119 1
2 1 715 718 2120 1
2 1 721 724 2121 1
2 1 727 730 2122 1
2 1 733 736 2123 1
2 1 739 742 2124 1
2 1 745 748 2125 1
2 1 2001 2002 2126 1
2 1 2003 2004 2127 1
2 1 2005 2006 2128 1
2 1 2007 2008 2129 1
2 1 2009 2010 2130 1
2 1 2011 2012 2131 1
2 1 2013 2014 2132 1
2 1 2015 2016 2133 1
2 1 2017 2018 2134 1
2 1 2019 2020 2135 1
2 1 2021 2022 2136 1
2 1 2023 2024 2137 1
2 1 2025 2026 2138 1
2 1 2027 2028 2139 1
2 1 2029 2030 2140 1
2 1 2031 2032 2141 1
2 1 2033 2034 2142 1
2 1 2035 2036 2143 1
2 1 2037 2038 2144 1
2 1 2039 2040 2145 1
2 1 2041 2042 2146 1
2 1 2043 2044 2147 1
2 1 2045 2046 2148 1
2 1 2047 2048 2149 1
2 1 2049 2050 2150 1
2 1 2051 2052 2151 1
2 1 2053 2054 2152 1
2 1 2055 2056 2153 1
2 1 2057 2058 2154 1
2 1 2059 2060 2155 1
2 1 2061 2062 2156 1
2 1 2063 2064 2157 1
2 1 2065 2066 2158 1
2 1 2067 2068 2159 1
2 1 2069 2070 2160 1
2 1 2071 2072 2161 1
2 1 2073 2074 2162 1
2 1 2075 2076 2163 1
2 1 2077 2078 2164 1
2 1 2079 2080 2165 1
2 1 2081 2082 2166 1
2 1 2083 2084 2167 1
2 1 2085 2086 2168 1
2 1 2087 2088 2169 1
2 1 2089 2090 2170 1
2 1 2091 2092 2171 1
2 1 2093 2094 2172 1
2 1 2095 2096 2173 1
2 1 2097 2098 2174 1
2 1 2099 2100 2175 1
2 1 2101 2102 2176 1
2 1 2103 2104 2177 1
2 1 2105 2106 2178 1
2 1 2107 2108 2179 1
2 1 2109 2110 2180 1
2 1 2111 2112 2181 1
2 1 2113 2114 2182 1
2 1 2115 2116 2183 1
2 1 2117 2118 2184 1
2 1 2119 2120 2185 1
2 1 2121 2122 2186 1
2 1 2123 2124 2187 1
2 1 2126 2127 2188 1
2 1 2128 2129 2189 1
2 1 2130 2131 2190 1
2 1 2132 2133 2191 1
2 1 2134 2135 2192 1
2 1 2136 2137 2193 1
2 1 2138 2139 2194 1
2 1 2140 2141 2195 1
2 1 2142 2143 2196 1
2 1 2144 2145 2197 1
2 1 2146 2147 2198 1
2 1 2148 2149 2199 1
2 1 2150 2151 2200 1
2 1 2152 2153 2201 1
2 1 2154 2155 2202 1
2 1 2156 2157 2203 1
2 1 2158 2159 2204 1
2 1 2160 2161 2205 1
2 1 2162 2163 2206 1
2 1 2164 2165 2207 1
2 1 2166 2167 2208 1
2 1 2168 2169 2209 1
2 1 2170 2171 2210 1
2 1 2172 2173 2211 1
2 1 2174 2175 2212 1
2 1 2176 2177 2213 1
2 1 2178 2179 2214 1
2 1 2180 2181 2215 1
2 1 2182 2183 2216 1
2 1 2184 2185 2217 1
2 1 2186 2187 2218 1
2 1 2125 2218 2219 1
2 1 2188 2189 2220 1
2 1 2190 2191 2221 1
2 1 2192 2193 2222 1
2 1 2194 2195 2223 1
2 1 2196 2197 2224 1
2 1 2198 2199 2225 1
2 1 2200 2201 2226 1
2 1 2202 2203 2227 1
2 1 2204 2205 2228 1
2 1 2206 2207 2229 1
2 1 2208 2209 2230 1
2 1 2210 2211 2231 1
2 1 2212 2213 2232 1
2 1 2214 2215 2233 1
2 1 2216 2217 2234 1
2 1 2219 2234 2235 1
2 1 2220 2221 2236 1
2 1 2222 2223 2237 1
2 1 2224 2225 2238 1
2 1 2226 2227 2239 1
2 1 2228 2229 2240 1
2 1 2230 2231 2241 1
2 1 2232 2233 2242 1
2 1 2235 2242 2243 1
2 1 2236 2237 2244 1
2 1 2238 2239 2245 1
2 1 2240 2241 2246 1
2 1 2243 2246 2247 1
2 1 2244 2245 2248 1
2 1 2247 2248 2249 1
2 1 751 754 2250 1
2 1 757 760 2251 1
2 1 763 766 2252 1
2 1 769 772 2253 1
2 1 775 778 2254 1
2 1 781 784 2255 1
2 1 787 790 2256 1
2 1 793 796 2257 1
2 1 799 802 2258 1
2 1 805 808 2259 1
2 1 811 814 2260 1
2 1 817 820 2261 1
2 1 823 826 2262 1
2 1 829 832 2263 1
2 1 835 838 2264 1
2 1 841 844 2265 1
2 1 847 850 2266 1
2 1 853 856 2267 1
2 1 859 862 2268 1
2 1 865 868 2269 1
2 1 871 874 2270 1
2 1 877 880 2271 1
2 1 883 886 2272 1
2 1 889 892 2273 1
2 1 895 898 2274 1
2 1 901 904 2275 1
2 1 907 910 2276 1
2 1 913 916 2277 1
2 1 919 922 2278 1
2 1 925 928 2279 1
2 1 931 934 2280 1
2 1 937 940 2281 1
2 1 943 946 2282 1
2 1 949 952 2283 1
2 1 955 958 2284 1
2 1 961 964 2285 1
2 1 967 970 2286 1
2 1 973 976 2287 1
2 1 979 982 2288 1
2 1 985 988 2289 1
2 1 991 994 2290 1
2 1 997 1000 2291 1
2 1 1003 1006 2292 1
2 1 1009 1012 2293 1
2 1 1015 1018 2294 1
2 1 1021 1024 2295 1
2 1 1027 1030 2296 1
2 1 1033 1036 2297 1
2 1 1039 1042 2298 1
2 1 1045 1048 2299 1
2 1 1051 1054 2300 1
2 1 1057 1060 2301 1
2 1 1063 1066 2302 1
2 1 1069 1072 2303 1
2 1 1075 1078 2304 1
2 1 1081 1084 2305 1
2 1 1087 1090 2306 1
2 1 1093 1096 2307 1
2 1 1099 1102 2308 1
2 1 1105 1108 2309 1
2 1 1111 1114 2310 1
2 1 1117 1120 2311 1
2 1 1123 1126 2312 1
2 1 1129 1132 2313 1
2 1 1135 1138 2314 1
2 1 1141 1144 2315 1
2 1 1147 1150 2316 1
2 1 1153 1156 2317 1
2 1 1159 1162 2318 1
2 1 1165 1168 2319 1
2 1 1171 1174 2320 1
2 1 1177 1180 2321 1
2 1 1183 1186 2322 1
2 1 1189 1192 2323 1
2 1 1195 1198 2324 1
2 1 1201 1204 2325 1
2 1 1207 1210 2326 1
2 1 1213 1216 2327 1
2 1 1219 1222 2328 1
2 1 1225 1228 2329 1
2 1 1231 1234 2330 1
2 1 1237 1240 2331 1
2 1 1243 1246 2332 1
2 1 1249 1252 2333 1
2 1 1255 1258 2334 1
2 1 1261 1264 2335 1
2 1 1267 1270 2336 1
2 1 1273 1276 2337 1
2 1 1279 1282 2338 1
2 1 1285 1288 2339 1
2 1 1291 1294 2340 1
2 1 1297 1300 2341 1
2 1 1303 1306 2342 1
2 1 1309 1312 2343 1
2 1 1315 1318 2344 1
2 1 1321 1324 2345 1
2 1 1327 1330 2346 1
2 1 1333 1336 2347 1
2 1 1339 1342 2348 1
2 1 1345 1348 2349 1
2 1 1351 1354 2350 1
2 1 1357 1360 2351 1
2 1 1363 1366 2352 1
2 1 1369 1372 2353 1
2 1 1375 1378 2354 1
2 1 1381 1384 2355 1
2 1 1387 1390 2356 1
2 1 1393 1396 2357 1
2 1 1399 1402 2358 1
2 1 1405 1408 2359 1
2 1 1411 1414 2360 1
2 1 1417 1420 2361 1
2 1 1423 1426 2362 1
2 1 1429 1432 2363 1
2 1 1435 1438 2364 1
2 1 1441 1444 2365 1
2 1 1447 1450 2366 1
2 1 1453 1456 2367 1
2 1 1459 1462 2368 1
2 1 1465 1468 2369 1
2 1 1471 1474 2370 1
2 1 1477 1480 2371 1
2 1 1483 1486 2372 1
2 1 1489 1492 2373 1
2 1 1495 1498 2374 1
2 1 2250 2251 2375 1
2 1 2252 2253 2376 1
2 1 2254 2255 2377 1
2 1 2256 2257 2378 1
2 1 2258 2259 2379 1
2 1 2260 2261 2380 1
2 1 2262 2263 2381 1
2 1 2264 2265 2382 1
2 1 2266 2267 2383 1
2 1 2268 2269 2384 1
2 1 2270 2271 2385 1
2 1 2272 2273 2386 1
2 1 2274 2275 2387 1
2 1 2276 2277 2388 1
2 1 2278 2279 2389 1
2 1 2280 2281 2390 1
2 1 2282 2283 2391 1
2 1 2284 2285 2392 1
2 1 2286 2287 2393 1
2 1 2288 2289 2394 1
2 1 2290 2291 2395 1
2 1 2292 2293 2396 1
2 1 2294 2295 2397 1
2 1 2296 2297 2398 1
2 1 2298 2299 2399 1
2 1 2300 2301 2400 1
2 1 2302 2303 2401 1
2 1 2304 2305 2402 1
2 1 2306 2307 2403 1
2 1 2308 2309 2404 1
2 1 2310 2311 2405 1
2 1 2312 2313 2406 1
2 1 2314 2315 2407 1
2 1 2316 2317 2408 1
2 1 2318 2319 2409 1
2 1 2320 2321 2410 1
2 1 2322 2323 2411 1
2 1 2324 2325 2412 1
2 1 2326 2327 2413 1
2 1 2328 2329 2414 1
2 1 2330 2331 2415 1
2 1 2332 2333 2416 1
2 1 2334 2335 2417 1
2 1 2336 2337 2418 1
2 1 2338 2339 2419 1
2 1 2340 2341 2420 1
2 1 2342 2343 2421 1
2 1 2344 2345 2422 1
2 1 2346 2347 2423 1
2 1 2348 2349 2424 1
2 1 2350 2351 2425 1
2 1 2352 2353 2426 1
2 1 2354 2355 2427 1
2 1 2356 2357 2428 1
2 1 2358 2359 2429 1
2 1 2360 2361 2430 1
2 1 2362 2363 2431 1
2 1 2364 2365 2432 1
2 1 2366 2367 2433 1
2 1 2368 2369 2434 1
2 1 2370 2371 2435 1
2 1 2372 2373 2436 1
2 1 2375 2376 2437 1
2 1 2377 2378 2438 1
2 1 2379 2380 2439 1
2 1 2381 2382 2440 1
2 1 2383 2384 2441 1
2 1 2385 2386 2442 1
2 1 2387 2388 2443 1
2 1 2389 2390 2444 1
2 1 2391 2392 2445 1
2 1 2393 2394 2446 1
2 1 2395 2396 2447 1
2 1 2397 2398 2448 1
2 1 2399 2400 2449 1
2 1 2401 2402 2450 1
2 1 2403 2404 2451 1
2 1 2405 2406 2452 1
2 1 2407 2408 2453 1
2 1 2409 2410 2454 1
2 1 2411 2412 2455 1
2 1 2413 2414 2456 1
2 1 2415 2416 2457 1
2 1 2417 2418 2458 1
2 1 2419 2420 2459 1
2 1 2421 2422 2460 1
2 1 2423 2424 2461 1
2 1 2425 2426 2462 1
2 1 2427 2428 2463 1
2 1 2429 2430 2464 1
2 1 2431 2432 2465 1
2 1 2433 2434 2466 1
2 1 2435 2436 2467 1
2 1 2374 2467 2468 1
2 1 2437 2438 2469 1
2 1 2439 2440 2470 1
2 1 2441 2442 2471 1
2 1 2443 2444 2472 1
2 1 2445 2446 2473 1
2 1 2447 2448 2474 1
2 1 2449 2450 2475 1
2 1 2451 2452 2476 1
2 1 2453 2454 2477 1
2 1 2455 2456 2478 1
2 1 2457 2458 2479 1
2 1 2459 2460 2480 1
2 1 2461 2462 2481 1
2 1 2463 2464 2482 1
2 1 2465 2466 2483 1
2 1 2468 2483 2484 1
2 1 2469 2470 2485 1
2 1 2471 2472 2486 1
2 1 2473 2474 2487 1
2 1 2475 2476 2488 1
2 1 2477 2478 2489 1
2 1 2479 2480 2490 1
2 1 2481 2482 2491 1
2 1 2484 2491 2492 1
2 1 2485 2486 2493 1
2 1 2487 2488 2494 1
2 1 2489 2490 2495 1
2 1 2492 2495 2496 1
2 1 2493 2494 2497 1
2 1 2496 2497 2498 1
2 1 2249 2249 2499 2
2 1 2498 250 2500 5
2 1 2500 2499 2501 6
2 1 2 5 2502 1
2 1 8 11 2503 1
2 1 14 17 2504 1
2 1 20 23 2505 1
2 1 26 29 2506 1
2 1 32 35 2507 1
2 1 38 41 2508 1
2 1 44 47 2509 1
2 1 50 53 2510 1
2 1 56 59 2511 1
2 1 62 65 2512 1
2 1 68 71 2513 1
2 1 74 77 2514 1
2 1 80 83 2515 1
2 1 86 89 2516 1
2 1 92 95 2517 1
2 1 98 101 2518 1
2 1 104 107 2519 1
2 1 110 113 2520 1
2 1 116 119 2521 1
2 1 122 125 2522 1
2 1 128 131 2523 1
2 1 134 137 2524 1
2 1 140 143 2525 1
2 1 146 149 2526 1
2 1 152 155 2527 1
2 1 158 161 2528 1
2 1 164 167 2529 1
2 1 170 173 2530 1
2 1 176 179 2531 1
2 1 182 185 2532 1
2 1 188 191 2533 1
2 1 194 197 2534 1
2 1 200 203 2535 1
2 1 206 209 2536 1
2 1 212 215 2537 1
2 1 218 221 2538 1
2 1 224 227 2539 1
2 1 230 233 2540 1
2 1 236 239 2541 1
2 1 242 245 2542 1
2 1 248 251 2543 1
2 1 254 257 2544 1
2 1 260 263 2545 1
2 1 266 269 2546 1
2 1 272 275 2547 1
2 1 278 281 2548 1
2 1 284 287 2549 1
2 1 290 293 2550 1
2 1 296 299 2551 1
2 1 302 305 2552 1
2 1 308 311 2553 1
2 1 314 317 2554 1
2 1 320 323 2555 1
2 1 326 329 2556 1
2 1 332 335 2557 1
2 1 338 341 2558 1
2 1 344 347 2559 1
2 1 350 353 2560 1
2 1 356 359 2561 1
2 1 362 365 2562 1
2 1 368 371 2563 1
2 1 374 377 2564 1
2 1 380 383 2565 1
2 1 386 389 2566 1
2 1 392 395 2567 1
2 1 398 401 2568 1
2 1 404 407 2569 1
2 1 410 413 2570 1
2 1 416 419 2571 1
2 1 422 425 2572 1
2 1 428 431 2573 1
2 1 434 437 2574 1
2 1 440 443 2575 1
2 1 446 449 2576 1
2 1 452 455 2577 1
2 1 458 461 2578 1
2 1 464 467 2579 1
2 1 470 473 2580 1
2 1 476 479 2581 1
2 1 482 485 2582 1
2 1 488 491 2583 1
2 1 494 497 2584 1
2 1 500 503 2585 1
2 1 506 509 2586 1
2 1 512 515 2587 1
2 1 518 521 2588 1
2 1 524 527 2589 1
2 1 530 533 2590 1
2 1 536 539 2591 1
2 1 542 545 2592 1
2 1 548 551 2593 1
2 1 554 557 2594 1
2 1 560 563 2595 1
2 1 566 569 2596 1
2 1 572 575 2597 1
2 1 578 581 2598 1
2 1 584 587 2599 1
2 1 590 593 2600 1
2 1 596 599 2601 1
2 1 602 605 2602 1
2 1 608 611 2603 1
2 1 614 617 2604 1
2 1 620 623 2605 1
2 1 626 629 2606 1
2 1 632 635 2607 1
2 1 638 641 2608 1
2 1 644 647 2609 1
2 1 650 653 2610 1
2 1 656 659 2611 1
2 1 662 665 2612 1
2 1 668 671 2613 1
2 1 674 677 2614 1
2 1 680 683 2615 1
2 1 686 689 2616 1
2 1 692 695 2617 1
2 1 698 701 2618 1
2 1 704 707 2619 1
2 1 710 713 2620 1
2 1 716 719 2621 1
2 1 722 725 2622 1
2 1 728 731 2623 1
2 1 734 737 2624 1
2 1 740 743 2625 1
2 1 746 749 2626 1
2 1 2502 2503 2627 1
2 1 2504 2505 2628 1
2 1 2506 2507 2629 1
2 1 2508 2509 2630 1
2 1 2510 2511 2631 1
2 1 2512 2513 2632 1
2 1 2514 2515 2633 1
2 1 2516 2517 2634 1
2 1 2518 2519 2635 1
2 1 2520 2521 2636 1
2 1 2522 2523 2637 1
2 1 2524 2525 2638 1
2 1 2526 2527 2639 1
2 1 2528 2529 2640 1
2 1 2530 2531 2641 1
2 1 2532 2533 2642 1
2 1 2534 2535 2643 1
2 1 2536 2537 2644 1
2 1 2538 2539 2645 1
2 1 2540 2541 2646 1
2 1 2542 2543 2647 1
2 1 2544 2545 2648 1
2 1 2546 2547 2649 1
2 1 2548 2549 2650 1
2 1 2550 2551 2651 1
2 1 2552 2553 2652 1
2 1 2554 2555 2653 1
2 1 2556 2557 2654 1
2 1 2558 2559 2655 1
2 1 2560 2561 2656 1
2 1 2562 2563 2657 1
2 1 2564 2565 2658 1
2 1 2566 2567 2659 1
2 1 2568 2569 2660 1
2 1 2570 2571 2661 1
2 1 2572 2573 2662 1
2 1 2574 2575 2663 1
2 1 2576 2577 2664 1
2 1 2578 2579 2665 1
2 1 2580 2581 2666 1
2 1 2582 2583 2667 1
2 1 2584 2585 2668 1
2 1 2586 2587 2669 1
2 1 2588 2589 2670 1
2 1 2590 2591 2671 1
2 1 2592 2593 2672 1
2 1 2594 2595 2673 1
2 1 2596 2597 2674 1
2 1 2598 2599 2675 1
2 1 2600 2601 2676 1
2 1 2602 2603 2677 1
2 1 2604 2605 2678 1
2 1 2606 2607 2679 1
2 1 2608 2609 2680 1
2 1 2610 2611 2681 1
2 1 2612 2613 2682 1
2 1 2614 2615 2683 1
2 1 2616 2617 2684 1
2 1 2618 2619 2685 1
2 1 2620 2621 2686 1
2 1 2622 2623 2687 1
2 1 2624 2625 2688 1
2 1 2627 2628 2689 1
2 1 2629 2630 2690 1
2 1 2631 2632 2691 1
2 1 2633 2634 2692 1
2 1 2635 2636 2693 1
2 1 2637 2638 2694 1
2 1 2639 2640 2695 1
2 1 2641 2642 2696 1
2 1 2643 2644 2697 1
2 1 2645 2646 2698 1
2 1 2647 2648 2699 1
2 1 2649 2650 2700 1
2 1 2651 2652 2701 1
2 1 2653 2654 2702 1
2 1 2655 2656 2703 1
2 1 2657 2658 2704 1
2 1 2659 2660 2705 1
2 1 2661 2662 2706 1
2 1 2663 2664 2707 1
2 1 2665 2666 2708 1
2 1 2667 2668 2709 1
2 1 2669 2670 2710 1
2 1 2671 2672 2711 1
2 1 2673 2674 2712 1
2 1 2675 2676 2713 1
2 1 2677 2678 2714 1
2 1 2679 2680 2715 1
2 1 2681 2682 2716 1
2 1 2683 2684 2717 1
2 1 2685 2686 2718 1
2 1 2687 2688 2719 1
2 1 2626 2719 2720 1
2 1 2689 2690 2721 1
2 1 2691 2692 2722 1
2 1 2693 2694 2723 1
2 1 2695 2696 2724 1
2 1 2697 2698 2725 1
2 1 2699 2700 2726 1
2 1 2701 2702 2727 1
2 1 2703 2704 2728 1
2 1 2705 2706 2729 1
2 1 2707 2708 2730 1
2 1 2709 2710 2731 1
2 1 2711 2712 2732 1
2 1 2713 2714 2733 1
2 1 2715 2716 2734 1
2 1 2717 2718 2735 1
2 1 2720 2735 2736 1
2 1 2721 2722 2737 1
2 1 2723 2724 2738 1
2 1 2725 2726 2739 1
2 1 2727 2728 2740 1
2 1 2729 2730 2741 1
2 1 2731 2732 2742 1
2 1 2733 2734 2743 1
2 1 2736 2743 2744 1
2 1 2737 2738 2745 1
2 1 2739 2740 2746 1
2 1 2741 2742 2747 1
2 1 2744 2747 2748 1
2 1 2745 2746 2749 1
2 1 2748 2749 2750 1
2 1 752 755 2751 1
2 1 758 761 2752 1
2 1 764 767 2753 1
2 1 770 773 2754 1
2 1 776 779 2755 1
2 1 782 785 2756 1
2 1 788 791 2757 1
2 1 794 797 2758 1
2 1 800 803 2759 1
2 1 806 809 2760 1
2 1 812 815 2761 1
2 1 818 821 2762 1
2 1 824 827 2763 1
2 1 830 833 2764 1
2 1 836 839 2765 1
2 1 842 845 2766 1
2 1 848 851 2767 1
2 1 854 857 2768 1
2 1 860 863 2769 1
2 1 866 869 2770 1
2 1 872 875 2771 1
2 1 878 881 2772 1
2 1 884 887 2773 1
2 1 890 893 2774 1
2 1 896 899 2775 1
2 1 902 905 2776 1
2 1 908 911 2777 1
2 1 914 917 2778 1
2 1 920 923 2779 1
2 1 926 929 2780 1
2 1 932 935 2781 1
2 1 938 941 2782 1
2 1 944 947 2783 1
2 1 950 953 2784 1
2 1 956 959 2785 1
2 1 962 965 2786 1
2 1 968 971 2787 1
2 1 974 977 2788 1
2 1 980 983 2789 1
2 1 986 989 2790 1
2 1 992 995 2791 1
2 1 998 1001 2792 1
2 1 1004 1007 2793 1
2 1 1010 1013 2794 1
2 1 1016 1019 2795 1
2 1 1022 1025 2796 1
2 1 1028 1031 2797 1
2 1 1034 1037 2798 1
2 1 1040 1043 2799 1
2 1 1046 1049 2800 1
2 1 1052 1055 2801 1
2 1 1058 1061 2802 1
2 1 1064 1067 2803 1
2 1 1070 1073 2804 1
2 1 1076 1079 2805 1
2 1 1082 1085 2806 1
2 1 1088 1091 2807 1
2 1 1094 1097 2808 1
2 1 1100 1103 2809 1
2 1 1106 1109 2810 1
2 1 1112 1115 2811 1
2 1 1118 1121 2812 1
2 1 1124 1127 2813 1
2 1 1130 1133 2814 1
2 1 1136 1139 2815 1
2 1 1142 1145 2816 1
2 1 1148 1151 2817 1
2 1 1154 1157 2818 1
2 1 1160 1163 2819 1
2 1 1166 1169 2820 1
2 1 1172 1175 2821 1
2 1 1178 1181 2822 1
2 1 1184 1187 2823 1
2 1 1190 1193 2824 1
2 1 1196 1199 2825 1
2 1 1202 1205 2826 1
2 1 1208 1211 2827 1
2 1 1214 1217 2828 1
2 1 1220 1223 2829 1
2 1 1226 1229 2830 1
2 1 1232 1235 2831 1
2 1 1238 1241 2832 1
2 1 1244 1247 2833 1
2 1 1250 1253 2834 1
2 1 1256 1259 2835 1
2 1 1262 1265 2836 1
2 1 1268 1271 2837 1
2 1 1274 1277 2838 1
2 1 1280 1283 2839 1
2 1 1286 1289 2840 1
2 1 1292 1295 2841 1
2 1 1298 1301 2842 1
2 1 1304 1307 2843 1
2 1 1310 1313 2844 1
2 1 1316 1319 2845 1
2 1 1322 1325 2846 1
2 1 1328 1331 2847 1
2 1 1334 1337 2848 1
2 1 1340 1343 2849 1
2 1 1346 1349 2850 1
2 1 1352 1355 2851 1
2 1 1358 1361 2852 1
2 1 1364 1367 2853 1
2 1 1370 1373 2854 1
2 1 1376 1379 2855 1
2 1 1382 1385 2856 1
2 1 1388 1391 2857 1
2 1 1394 1397 2858 1
2 1 1400 1403 2859 1
2 1 1406 1409 2860 1
2 1 1412 1415 2861 1
2 1 1418 1421 2862 1
2 1 1424 1427 2863 1
2 1 1430 1433 2864 1
2 1 1436 1439 2865 1
2 1 1442 1445 2866 1
2 1 1448 1451 2867 1
2 1 1454 1457 2868 1
2 1 1460 1463 2869 1
2 1 1466 1469 2870 1
2 1 1472 1475 2871 1
2 1 1478 1481 2872 1
2 1 1484 1487 2873 1
2 1 1490 1493 2874 1
2 1 1496 1499 2875 1
2 1 2751 2752 2876 1
2 1 2753 2754 2877 1
2 1 2755 2756 2878 1
2 1 2757 2758 2879 1
2 1 2759 2760 2880 1
2 1 2761 2762 2881 1
2 1 2763 2764 2882 1
2 1 2765 2766 2883 1
2 1 2767 2768 2884 1
2 1 2769 2770 2885 1
2 1 2771 2772 2886 1
2 1 2773 2774 2887 1
2 1 2775 2776 2888 1
2 1 2777 2778 2889 1
2 1 2779 2780 2890 1
2 1 2781 2782 2891 1
2 1 2783 2784 2892 1
2 1 2785 2786 2893 1
2 1 2787 2788 2894 1
2 1 2789 2790 2895 1
2 1 2791 2792 2896 1
2 1 2793 2794 2897 1
2 1 2795 2796 2898 1
2 1 2797 2798 2899 1
2 1 2799 2800 2900 1
2 1 2801 2802 2901 1
2 1 2803 2804 2902 1
2 1 2805 2806 2903 1
2 1 2807 2808 2904 1
2 1 2809 2810 2905 1
2 1 2811 2812 2906 1
2 1 2813 2814 2907 1
2 1 2815 2816 2908 1
2 1 2817 2818 2909 1
2 1 2819 2820 2910 1
2 1 2821 2822 2911 1
2 1 2823 2824 2912 1
2 1 2825 2826 2913 1
2 1 2827 2828 2914 1
2 1 2829 2830 2915 1
2 1 2831 2832 2916 1
2 1 2833 2834 2917 1
2 1 2835 2836 2918 1
2 1 2837 2838 2919 1
2 1 2839 2840 2920 1
2 1 2841 2842 2921 1
2 1 2843 2844 2922 1
2 1 2845 2846 2923 1
2 1 2847 2848 2924 1
2 1 2849 2850 2925 1
2 1 2851 2852 2926 1
2 1 2853 2854 2927 1
2 1 2855 2856 2928 1
2 1 2857 2858 2929 1
2 1 2859 2860 2930 1
2 1 2861 2862 2931 1
2 1 2863 2864 2932 1
2 1 2865 2866 2933 1
2 1 2867 2868 2934 1
2 1 2869 2870 2935 1
2 1 2871 2872 2936 1
2 1 2873 2874 2937 1
2 1 2876 2877 2938 1
2 1 2878 2879 2939 1
2 1 2880 2881 2940 1
2 1 2882 2883 2941 1
2 1 2884 2885 2942 1
2 1 2886 2887 2943 1
2 1 2888 2889 2944 1
2 1 2890 2891 2945 1
2 1 2892 2893 2946 1
2 1 2894 2895 2947 1
2 1 2896 2897 2948 1
2 1 2898 2899 2949 1
2 1 2900 2901 2950 1
2 1 2902 2903 2951 1
2 1 2904 2905 2952 1
2 1 2906 2907 2953 1
2 1 2908 2909 2954 1
2 1 2910 2911 2955 1
2 1 2912 2913 2956 1
2 1 2914 2915 2957 1
2 1 2916 2917 2958 1
2 1 2918 2919 2959 1
2 1 2920 2921 2960 1
2 1 2922 2923 2961 1
2 1 2924 2925 2962 1
2 1 2926 2927 2963 1
2 1 2928 2929 2964 1
2 1 2930 2931 2965 1
2 1 2932 2933 2966 1
2 1 2934 2935 2967 1
2 1 2936 2937 2968 1
2 1 2875 2968 2969 1
2 1 2938 2939 2970 1
2 1 2940 2941 2971 1
2 1 2942 2943 2972 1
2 1 2944 2945 2973 1
2 1 2946 2947 2974 1
2 1 2948 2949 2975 1
2 1 2950 2951 2976 1
2 1 2952 2953 2977 1
2 1 2954 2955 2978 1
2 1 2956 2957 2979 1
2 1 2958 2959 2980 1
2 1 2960 2961 2981 1
2 1 2962 2963 2982 1
2 1 2964 2965 2983 1
2 1 2966 2967 2984 1
2 1 2969 2984 2985 1
2 1 2970 2971 2986 1
2 1 2972 2973 2987 1
2 1 2974 2975 2988 1
2 1 2976 2977 2989 1
2 1 2978 2979 2990 1
2 1 2980 2981 2991 1
2 1 2982 2983 2992 1
2 1 2985 2992 2993 1
2 1 2986 2987 2994 1
2 1 2988 2989 2995 1
2 1 2990 2991 2996 1
2 1 2993 2996 2997 1
2 1 2994 2995 2998 1
2 1 2997 2998 2999 1
2 1 2750 2750 3000 2
2 1 2999 250 3001 5
2 1 3001 3000 3002 6
